	0	1	2	3	4	5	6	7	8	9	10	11	12	13	14	15
120111	0.4153	0.6106	-0.2404	0.9528	0.5508	-1.097	-0.3987	-0.3624	-0.6238	-1.604	0.7645	1.3556	2.103	-0.1685	-1.308	-0.9036
120163	0.4856	0.8766	-0.1683	0.6113	0.4666	-1.1117	-0.3994	-0.9257	-0.2377	-1.3984	0.9268	1.406	2.0921	-0.5189	-1.2634	-0.7959
120165	0.1113	1.5258	0.8469	1.5394	-1.2034	-0.644	0.5216	-1.1215	0.2284	-1.138	1.3594	0.6574	0.2049	-1.6506	-0.5732	-0.6321
120285	0.4541	0.6524	-0.2879	0.8729	0.5134	-1.04	-0.5675	-0.4205	-0.4252	-1.608	0.903	1.4472	2.0478	-0.2317	-1.3817	-0.8795
130020	0.1558	1.4769	0.6718	1.5741	-1.2046	-0.5987	0.4572	-0.8263	-0.0164	-1.3438	1.5777	1.0309	-0.3703	-1.4615	-0.2951	-0.7862
130023	0.367	0.5551	-0.137	0.8758	0.5553	-1.0595	-0.3896	-0.4151	-0.5465	-1.7394	0.7617	1.3409	2.1637	-0.2066	-1.2721	-0.8114
130157	0.4388	0.6265	-0.2013	0.6409	0.5762	-1.0937	-0.6941	-0.6145	-0.1497	-1.5311	0.9987	1.4909	2.0577	-0.2557	-1.3704	-0.8716
130199	0.252	1.6137	0.5882	1.7333	-1.1513	-0.6932	0.7124	-1.0985	0.0513	-1.1982	1.1775	0.5498	0.3314	-1.5025	-0.7822	-0.5528
130214	0.3172	1.3458	0.4109	1.5895	-0.8835	-0.8459	0.2129	-1.0223	-0.0143	-1.1674	1.0489	0.8948	1.1519	-1.4802	-1.1317	-0.3878
130221	0.3865	0.4764	-0.1217	0.7709	0.6103	-1.1278	-0.6277	-0.4182	-0.4508	-1.6583	0.9252	1.4897	2.0882	-0.1763	-1.2137	-0.9063
130275	0.0215	0.8319	0.7554	1.0611	-0.7438	-0.6903	-0.4016	-0.6891	0.1705	-1.4867	1.9636	1.2556	0.8349	-1.6071	-0.6304	-0.5955
130338	0.1776	1.0994	0.5506	1.6712	-0.9964	-0.7646	0.1131	-0.7447	0.0056	-1.2585	1.4704	0.9538	0.7068	-1.5029	-0.7701	-0.6696
130354	0.2397	0.5472	-0.1045	0.6259	0.6428	-1.107	-0.5684	-0.3334	-0.4765	-1.635	0.8985	1.4481	2.1318	-0.1073	-1.1548	-0.9987
130397	0.3701	0.5587	-0.0315	0.5202	0.5993	-1.0294	-0.6597	-0.6152	-0.3053	-1.7514	1.1151	1.3618	2.1992	-0.3631	-1.0864	-0.8381
140098	0.2905	1.1693	0.5121	1.6055	-0.9751	-0.7729	0.0957	-0.7388	-0.1467	-1.2509	1.6121	1.0712	0.5146	-1.5267	-0.6526	-0.7614
140188	0.1518	1.1367	0.6203	1.6095	-1.1318	-0.5826	0.2345	-0.9775	0.2033	-1.3643	1.5895	0.8317	0.5189	-1.5878	-0.7169	-0.498
140332	0.2595	0.5238	0.0148	0.8083	0.474	-1.1123	-0.5317	-0.467	-0.3406	-1.6209	0.8847	1.4046	2.1484	-0.3092	-1.2629	-0.8291
140343	0.4331	0.4346	-0.3758	1.3195	0.6081	-1.1245	-0.2055	-0.3897	-0.757	-1.6544	0.3673	1.2645	2.0863	0.1089	-1.2636	-0.8151
140627	0.2356	1.3111	0.5697	1.7927	-1.1689	-0.5979	0.4036	-0.7819	0.0164	-1.3431	1.388	0.8637	0.2803	-1.5213	-0.7941	-0.6161
140630	0.1512	1.6943	0.6256	1.7125	-1.204	-0.5928	0.8084	-0.9872	-0.0487	-1.2565	1.2438	0.6351	-0.049	-1.4761	-0.4585	-0.7648
140646	0.1852	1.2639	0.6417	1.6761	-1.1483	-0.6189	0.2185	-0.7082	0.008	-1.3098	1.6285	0.9697	0.1237	-1.5305	-0.5944	-0.762
140867	0.0586	1.4994	0.8663	1.5351	-1.2358	-0.5904	0.5374	-1.1655	0.2289	-1.2119	1.4517	0.5997	0.1255	-1.599	-0.4221	-0.6464
141029	0.1044	1.3536	0.7538	1.4226	-1.1137	-0.6783	0.2056	-0.9442	0.178	-1.1757	1.6474	0.8809	0.2832	-1.6198	-0.4868	-0.7698
141102	0.309	0.7972	0.0595	1.2757	-0.1222	-1.0845	-0.4295	-0.5514	-0.2201	-1.3196	1.078	1.4052	1.7261	-0.8258	-1.3622	-0.6849
141103	0.1354	1.4173	0.7428	1.7455	-1.2322	-0.5941	0.5456	-0.8662	0.0251	-1.3086	1.3864	0.7791	0.0371	-1.5157	-0.5467	-0.716
141107	0.1822	0.9717	0.4661	1.3882	-0.6103	-0.8713	-0.0336	-1.0066	-0.2169	-1.301	1.4463	1.0148	1.3518	-1.5144	-0.6855	-0.5386
141139	0.2742	1.4716	0.5555	1.8163	-1.2104	-0.6911	0.407	-0.7881	0.0811	-1.1437	1.2053	0.9643	0.1652	-1.4582	-0.9608	-0.6482
141171	0.1676	0.6834	0.1975	0.7351	0.1466	-0.9746	-0.6529	-0.3442	-0.263	-1.6183	1.3995	1.5759	1.7743	-0.8068	-1.1739	-0.7897
141181	0.434	0.4963	-0.3001	0.7632	0.7985	-1.1431	-0.3585	-0.4375	-0.4877	-1.6471	0.4369	1.3336	2.201	0.2347	-1.3961	-0.8901
141268	0.3433	0.3894	-0.1192	0.268	0.9922	-1.1379	-0.5628	-0.4884	-0.2843	-1.8159	0.6676	1.3483	2.2573	0.2474	-1.1041	-0.9653
150025	0.1626	1.0323	0.4584	1.1526	-0.5622	-0.9071	-0.1881	-0.7109	-0.1839	-1.268	1.5921	1.2695	1.1409	-1.4071	-0.8159	-0.7124
150143	0.2785	1.4087	0.5261	1.7867	-1.1211	-0.6684	0.4938	-0.945	0.0464	-1.2215	1.2754	0.7648	0.3878	-1.5501	-0.8382	-0.5885
150208	0.1448	1.5675	0.7428	1.7378	-1.2536	-0.6016	0.6828	-0.9721	0.062	-1.2386	1.267	0.6588	0.0343	-1.5225	-0.6193	-0.6573
150257	0.1519	1.0223	0.3223	1.35	-0.7268	-0.7799	-0.2036	-0.6179	-0.0543	-1.2783	1.6721	1.2545	0.9428	-1.4037	-0.8848	-0.712
150452	0.3242	0.7118	-0.2426	1.021	0.3151	-1.0771	-0.3931	-0.4783	-0.3883	-1.4907	1.0095	1.2678	2.0556	-0.4721	-1.2653	-0.8488
150558	0.1771	1.6203	0.6736	1.7337	-1.2321	-0.5755	0.7454	-0.9499	0.0098	-1.292	1.2776	0.6646	-0.091	-1.5016	-0.5464	-0.6808
150561	0.2643	1.4334	0.6191	1.738	-1.1494	-0.6469	0.4289	-0.8123	-0.0635	-1.2644	1.4198	0.8344	0.1916	-1.567	-0.7054	-0.6816
150635	0.2911	0.7714	0.024	1.5253	-0.3292	-1.0021	-0.4191	-0.2741	-0.3283	-1.3708	1.3034	1.3296	1.4599	-0.8903	-1.2879	-0.7479
150913	0.2789	0.8034	0.2217	1.5122	-0.5021	-0.935	-0.2048	-0.5734	-0.3773	-1.3981	1.3282	1.1963	1.5052	-1.1541	-1.0654	-0.5867
150921	0.4988	0.6685	-0.2599	0.5918	0.7599	-1.1411	-0.4843	-0.51	-0.4785	-1.5586	0.6792	1.4952	2.1016	-0.0181	-1.3527	-0.9464
151092	0.225	1.3408	0.6049	1.6447	-1.1077	-0.5849	0.3676	-1.077	0.1451	-1.3455	1.519	0.6473	0.4581	-1.6308	-0.6538	-0.5188
160086	0.1044	1.53	0.8883	1.4708	-1.229	-0.6197	0.4939	-1.1014	0.2022	-1.147	1.4279	0.7379	0.0838	-1.6536	-0.4994	-0.6547
160626	-0.1391	0.9204	0.7829	-0.0911	0.1318	-0.8504	-0.5043	-0.8159	-0.087	-1.8861	1.7148	1.3744	1.581	-1.0834	-0.0931	-0.9089
160642	0.1249	1.6061	0.7644	1.6301	-1.2127	-0.5904	0.7465	-1.1257	0.086	-1.2397	1.2773	0.5775	0.0775	-1.5724	-0.4579	-0.6618
160662	0.5434	0.7315	-0.2163	0.7288	0.6257	-1.1266	-0.3413	-0.7244	-0.3689	-1.5532	0.6006	1.4124	2.1444	-0.2276	-1.4326	-0.7557
160725	0.4038	0.8038	0.0576	-0.0483	0.7712	-1.1108	-0.3105	-1.2451	0.0945	-1.604	0.6382	1.4403	2.1941	-0.1607	-1.1637	-0.728
160730	0.0961	1.4828	0.7924	1.6217	-1.259	-0.5923	0.5283	-1.1617	0.3393	-1.1855	1.3728	0.6	0.1796	-1.6068	-0.6618	-0.5147
160767	0.1402	1.6574	0.6746	1.7793	-1.2418	-0.5983	0.9348	-1.0061	-0.0267	-1.2547	1.0873	0.5946	0.0092	-1.4418	-0.6203	-0.6581
160772	0.2249	1.5067	0.549	1.7354	-1.0892	-0.5577	0.5886	-1.0598	0.0765	-1.4062	1.4882	0.4661	0.1599	-1.5777	-0.4295	-0.6456
160774	0.0803	1.5747	0.7422	1.493	-1.2498	-0.6012	0.4629	-1.1204	0.3378	-1.1292	1.4571	0.7076	0.0722	-1.5647	-0.539	-0.6878
160777	0.4069	0.9265	-0.0248	1.5645	-0.3773	-0.9366	0.0281	-1.1154	-0.1825	-1.3401	0.9213	1.0318	1.7535	-1.1239	-1.167	-0.3278
160792	0.1394	1.3634	0.8126	1.4355	-1.1627	-0.6034	0.1253	-0.797	0.0711	-1.2404	1.7031	0.9576	0.1769	-1.6459	-0.5967	-0.6934
160939	0.1069	1.3978	0.7887	1.5835	-1.1288	-0.6323	0.4334	-1.1172	0.0771	-1.2449	1.4311	0.607	0.5001	-1.628	-0.5121	-0.6291
161152	0.3093	0.553	-0.0909	0.3576	0.7502	-1.056	-0.44	-0.7843	-0.2093	-1.7043	0.7498	1.1813	2.4436	-0.0333	-1.1207	-0.8703
161264	0.1083	1.4695	0.9404	1.4197	-1.1721	-0.6828	0.4702	-1.1768	0.2938	-1.1517	1.3644	0.6732	0.3136	-1.6917	-0.5648	-0.5825
161286	-0.0662	1.3195	1.021	0.8827	-0.9241	-0.639	0.0211	-1.3133	0.3467	-1.2727	1.8687	0.8046	0.5426	-1.7093	-0.158	-0.6858
161385	0.4114	0.6222	-0.3957	0.2292	0.9753	-1.0954	-0.5142	-0.4788	-0.4654	-1.6172	0.7564	1.4363	2.1533	0.2513	-1.0945	-1.1278
161424	0.1296	1.5382	0.9066	1.4038	-1.2091	-0.6822	0.3823	-1.1281	0.2887	-1.0532	1.4189	0.7835	0.1948	-1.6849	-0.6579	-0.5944
170012	0.3275	0.8844	-0.1014	0.6472	0.4481	-1.1227	-0.3681	-0.4411	-0.6525	-1.4683	1.1138	1.3717	2.0	-0.5084	-1.0364	-1.0395
170050	0.2352	1.3357	0.6062	1.4725	-1.0823	-0.7024	0.1432	-0.9616	0.1954	-1.1033	1.4843	1.0297	0.4847	-1.6647	-0.8132	-0.6162
170077	0.1792	1.5276	0.7502	1.5317	-1.2069	-0.6312	0.5031	-1.1323	0.2746	-1.1322	1.3596	0.7517	0.141	-1.6497	-0.6482	-0.5841
170172	0.3435	0.6882	0.0024	0.3896	0.547	-1.0225	-0.6	-0.7136	-0.181	-1.6588	1.0311	1.5052	2.1291	-0.3524	-1.2478	-0.8134
170319	0.1267	1.6342	0.6716	1.6907	-1.2162	-0.5662	0.7764	-1.0481	0.0726	-1.286	1.3039	0.5521	-0.0003	-1.5164	-0.4601	-0.7043
170393	0.3088	0.5816	-0.031	0.5194	0.6354	-1.0796	-0.6127	-0.3638	-0.459	-1.725	1.0327	1.4686	2.1214	-0.2731	-1.1157	-0.9598
170412	0.2017	1.2822	0.654	1.7416	-1.1654	-0.6825	0.3045	-0.9521	0.135	-1.169	1.3798	0.8737	0.386	-1.5708	-0.7596	-0.622
170483	0.2871	0.7891	-0.2361	1.3339	0.1268	-1.0643	-0.0542	-0.6236	-0.7058	-1.414	0.9576	1.1241	1.91	-0.6295	-0.9225	-0.8322
170509	0.2393	1.3784	0.6083	1.8181	-1.1548	-0.6026	0.4886	-0.8493	-0.0577	-1.3454	1.3981	0.7684	0.1963	-1.5332	-0.6685	-0.6482
170718	0.4999	0.5301	-0.4697	0.5551	0.9119	-1.117	-0.4	-0.5844	-0.4532	-1.6272	0.5562	1.2401	2.2988	0.2589	-1.1819	-0.9796
170739	0.1352	1.7801	0.0679	1.904	-1.0621	-0.5572	1.0668	-0.6562	-0.4301	-1.3716	1.0091	0.8558	-0.1628	-1.0734	-0.5099	-0.9544
170857	0.2559	0.4974	-0.0522	0.545	0.6866	-1.0938	-0.6175	-0.352	-0.3821	-1.7339	0.956	1.3654	2.1911	-0.1178	-1.1339	-0.969
171209	0.0641	0.5911	0.2034	0.2959	0.3971	-0.9199	-0.8352	-0.16	-0.2303	-1.8787	1.4402	1.7693	1.7059	-0.4674	-1.0058	-0.9112
171236	0.1312	1.6005	0.7333	1.5118	-1.1796	-0.6061	0.684	-1.2794	0.191	-1.1374	1.1949	0.6411	0.3162	-1.6133	-0.5723	-0.5855
171322	0.1103	0.6666	0.1649	1.3215	-0.2014	-0.9241	-0.4707	-0.1483	-0.4817	-1.5925	1.3875	1.3869	1.566	-0.8566	-1.1159	-0.7558
171345	0.1171	0.6315	0.1842	1.1133	-0.0095	-1.033	-0.567	-0.1617	-0.4261	-1.5282	1.2648	1.5366	1.6584	-0.6819	-1.2355	-0.8058
171405	0.1534	1.6312	0.6799	1.7136	-1.2016	-0.5871	0.8849	-1.1365	0.0611	-1.3092	1.1942	0.4833	0.0732	-1.4988	-0.4745	-0.6408
171418	0.2231	1.0734	0.592	1.3702	-0.7652	-0.8247	-0.0125	-0.8666	-0.2802	-1.3945	1.6571	1.069	0.9177	-1.5587	-0.5208	-0.6338
171477	0.3385	0.6066	-0.1205	0.364	0.7589	-1.0845	-0.6686	-0.348	-0.3623	-1.6901	0.9521	1.594	2.0252	-0.0858	-1.221	-1.0083
171574	0.078	1.4164	0.9075	1.57	-1.2193	-0.672	0.4906	-1.1124	0.246	-1.1593	1.3939	0.7075	0.1432	-1.6061	-0.4711	-0.6817
171608	0.3524	0.8571	0.0773	0.9344	0.067	-1.0073	-0.347	-0.997	-0.1622	-1.4574	1.1624	1.2083	2.041	-0.9882	-1.1423	-0.5554
180099	0.2608	0.6641	0.1414	0.3777	0.4774	-1.0024	-0.6008	-0.8245	-0.1357	-1.6847	1.1795	1.3187	2.2423	-0.5938	-0.9778	-0.7993
180299	0.2234	1.2194	0.6001	1.7502	-1.1105	-0.7002	0.1338	-0.6446	-0.0094	-1.2278	1.3429	0.9763	0.6256	-1.5447	-0.9737	-0.6181
180325	0.4339	0.5291	-0.3788	0.5478	0.9013	-1.1264	-0.5024	-0.3783	-0.5313	-1.6538	0.6752	1.3312	2.2077	0.2021	-1.1437	-1.0708
180494	0.1291	1.5073	0.8219	1.6426	-1.2214	-0.6727	0.5731	-1.0261	0.089	-1.1555	1.2662	0.7082	0.2363	-1.5686	-0.6084	-0.6879
180562	0.1309	1.6323	0.6446	1.7548	-1.2022	-0.5703	0.8548	-1.074	0.0191	-1.3074	1.2225	0.5005	0.0719	-1.4932	-0.4664	-0.6895
180594	0.1245	1.4856	0.9511	1.3609	-1.1848	-0.6369	0.3857	-1.1694	0.2021	-1.1345	1.478	0.8108	0.179	-1.7423	-0.4949	-0.5792
180643	0.3734	0.4671	-0.1818	1.1903	0.3998	-1.1079	-0.498	-0.3787	-0.5458	-1.6323	0.8902	1.3888	2.0212	-0.3223	-1.203	-0.8157
180701	0.2689	1.2906	0.4779	1.5483	-1.0139	-0.6827	0.069	-0.7242	-0.1534	-1.2455	1.6997	1.0777	0.4147	-1.5534	-0.6561	-0.7673
180767	0.1732	1.5467	0.6149	1.8274	-1.216	-0.5699	0.7255	-0.8713	-0.0625	-1.3195	1.2803	0.6998	-0.0436	-1.4571	-0.5846	-0.7093
180768	0.235	0.7133	0.3762	0.9826	-0.1017	-0.9442	-0.3394	-1.0484	-0.0876	-1.586	1.1145	1.3097	1.9553	-1.0219	-1.2062	-0.311
180770	0.2306	0.6737	-0.0984	0.815	0.404	-1.0776	-0.5564	-0.1772	-0.536	-1.5586	1.1192	1.5538	1.8399	-0.3383	-1.263	-0.9733
180839	0.2437	0.5346	-0.0015	0.581	0.5491	-1.1116	-0.6702	-0.3622	-0.2775	-1.6144	1.0619	1.5776	1.9877	-0.2703	-1.2542	-0.9229
181030	0.1563	1.4743	0.711	1.679	-1.1937	-0.5734	0.5565	-0.9465	0.0388	-1.339	1.4839	0.6785	0.0152	-1.5577	-0.444	-0.7051
181063	0.4233	0.6088	-0.4595	1.0431	0.6233	-1.1127	-0.3928	-0.3428	-0.5739	-1.505	0.6089	1.2718	2.1369	0.056	-1.3574	-0.9826
181066	0.106	1.6714	0.7304	1.6564	-1.2024	-0.6229	0.8368	-1.1997	0.1638	-1.1897	1.1403	0.48	0.1425	-1.5223	-0.5053	-0.659
181132	0.2018	0.8801	0.0886	1.0791	-0.2443	-0.8144	-0.3548	-0.5582	-0.3155	-1.5422	1.4286	1.444	1.5424	-1.0255	-1.1061	-0.647
181182	0.1755	1.0959	0.4551	1.4047	-0.7234	-0.8774	0.0666	-0.8493	0.0129	-1.2298	1.2607	1.0411	1.1117	-1.4066	-0.9467	-0.5492
181207	0.0519	1.0176	0.7321	1.5861	-0.9791	-0.6478	0.0228	-0.8894	0.0969	-1.3847	1.5941	0.81	0.8365	-1.6387	-0.6183	-0.5522
181230	0.3741	0.597	-0.0591	0.2351	0.837	-1.0638	-0.5959	-0.4904	-0.4116	-1.8351	0.9552	1.3932	2.2059	-0.1382	-1.0021	-0.9586
181374	-0.1244	1.001	1.0813	1.1636	-1.1988	-0.5746	-0.0425	-0.8462	0.2961	-1.3694	1.8193	1.2987	0.1146	-1.5218	-0.4747	-0.5756
181423	0.2672	0.4332	0.0303	0.5094	0.6288	-1.0285	-0.7443	-0.3773	-0.3954	-1.8846	1.1513	1.5003	2.0746	-0.2798	-0.9601	-0.8787
181693	0.3261	0.7846	-0.2587	0.6463	0.6774	-1.1013	-0.5055	-0.0146	-0.7595	-1.6056	0.9291	1.4495	1.9441	-0.0654	-1.217	-1.1728
181758	0.1786	0.7994	0.2622	1.5864	-0.5533	-0.8948	-0.2261	-0.2451	-0.4113	-1.3999	1.3619	1.2684	1.2732	-1.1192	-1.0984	-0.7286
182084	0.0821	1.4915	0.833	1.5724	-1.2503	-0.5762	0.4879	-1.065	0.2154	-1.2095	1.4578	0.6796	0.0698	-1.6045	-0.4962	-0.6538
182097	0.3409	0.4346	-0.1501	0.2222	0.9548	-1.0472	-0.6146	-0.5213	-0.255	-1.8579	0.85	1.2062	2.3397	0.1284	-1.0179	-0.9762
190069	0.1676	0.8597	0.5092	1.7416	-0.9424	-0.7805	-0.098	-0.2655	-0.2943	-1.4215	1.4857	1.2842	0.7454	-1.2846	-0.9763	-0.6789
190089	0.2857	0.5701	-0.1297	0.4305	0.7304	-1.0708	-0.6513	-0.3143	-0.4158	-1.7098	0.9942	1.4738	2.1152	-0.1042	-1.1143	-1.0404
190106	0.3118	0.7364	-0.1299	0.6123	0.5944	-1.1243	-0.3973	-0.5888	-0.38	-1.521	0.8414	1.2463	2.2381	-0.2417	-1.2316	-0.9215
190197	0.1171	1.4846	0.8326	1.5283	-1.1601	-0.6112	0.4564	-1.0924	0.1563	-1.2699	1.5405	0.6182	0.1159	-1.6406	-0.3525	-0.6906
190206	0.2986	0.6877	-0.0471	0.8736	0.3555	-1.0265	-0.518	-0.301	-0.4542	-1.6567	1.0424	1.392	2.0246	-0.4405	-1.3148	-0.8649
190323	0.1744	1.6083	0.5246	1.8739	-1.1966	-0.5793	0.898	-0.9715	-0.0667	-1.3162	1.1032	0.6024	0.0792	-1.4048	-0.615	-0.6838
190533	0.2157	1.713	0.6928	1.5717	-1.1951	-0.6809	0.689	-1.148	0.1024	-1.0933	1.1893	0.6681	0.169	-1.5634	-0.6868	-0.6099
190789	0.3108	0.7732	0.05	1.5023	-0.3702	-0.9122	-0.2812	-0.6303	-0.2726	-1.4091	1.2567	1.2805	1.5624	-1.0884	-1.1842	-0.5386
