	0	1	2	3	4	5	6	7	8	9	10	11	12	13	14	15
120111	0.7488	0.5182	-1.3172	0.3614	-0.5361	1.3975	1.9463	0.7447	0.0466	-1.0644	-0.6513	0.5938	0.2265	-0.0077	-1.8791	-1.1248
120163	0.4966	0.1574	-1.338	0.2118	-0.5863	1.3699	2.0562	0.8641	0.1973	-0.6115	-0.9551	0.4561	0.1941	0.3431	-2.1899	-0.6649
120165	0.4548	0.1043	-1.4126	0.4484	-0.5242	1.3978	1.8636	1.0678	0.329	-0.9024	-1.0245	0.4564	-0.0395	0.4133	-2.0555	-0.5754
120285	0.555	0.2563	-1.3739	0.4378	-0.5471	1.3876	1.9672	0.9538	0.2408	-0.9625	-0.9463	0.506	0.0497	0.2003	-1.9873	-0.7346
130020	0.7755	0.5579	-1.3246	0.1788	-0.5591	1.3364	2.1196	0.5626	-0.025	-0.821	-0.6771	0.5684	0.3774	-0.0529	-1.9131	-1.1004
130023	0.5837	0.1382	-1.4236	0.127	-0.5387	1.331	1.9353	0.9203	0.1478	-0.6807	-0.9565	0.554	0.1649	0.508	-2.1895	-0.6217
130157	0.5791	0.2246	-1.4223	0.388	-0.5127	1.3793	1.9188	0.9804	0.2347	-0.9652	-0.9753	0.5214	0.0419	0.298	-1.9979	-0.6905
130199	0.4497	0.1225	-1.3688	0.467	-0.5919	1.3925	2.0061	0.9917	0.3271	-0.8506	-1.0589	0.4148	-0.0278	0.2682	-2.0254	-0.5128
130214	0.5445	0.1494	-1.4469	0.3116	-0.5508	1.3624	1.9035	1.0012	0.2564	-0.8302	-0.9904	0.494	0.0233	0.4412	-2.0932	-0.5749
130221	0.5991	0.2335	-1.3898	0.117	-0.565	1.3216	2.0319	0.8163	0.1181	-0.6227	-0.8906	0.5304	0.2416	0.3735	-2.1922	-0.7227
130275	0.6183	0.2733	-1.3983	0.3364	-0.5136	1.3896	1.8927	0.9417	0.1772	-0.9434	-0.8596	0.5639	0.1235	0.2828	-2.0385	-0.8451
130338	0.3904	0.0858	-1.3689	0.5987	-0.6157	1.4035	1.9464	1.0726	0.4241	-0.9332	-1.1006	0.3722	-0.1798	0.254	-1.9511	-0.3938
130354	0.6972	0.2974	-1.361	-0.0063	-0.521	1.2872	2.1149	0.6799	-0.0023	-0.5904	-0.88	0.5915	0.371	0.2831	-2.1347	-0.8255
130397	0.6139	0.1812	-1.4169	0.1527	-0.516	1.361	1.8791	0.9132	0.1285	-0.7333	-0.8599	0.578	0.2108	0.467	-2.1913	-0.7693
140098	0.6714	0.3563	-1.3781	0.2722	-0.5	1.3625	1.9394	0.862	0.1034	-0.9434	-0.8101	0.6001	0.2065	0.2188	-2.0119	-0.9478
140188	0.5173	0.1521	-1.4109	0.2674	-0.5455	1.3424	1.94	0.9764	0.2297	-0.7509	-0.9782	0.5114	0.0723	0.4434	-2.1482	-0.6182
140332	0.7334	0.4374	-1.371	0.1612	-0.5261	1.3369	1.9822	0.7269	0.0211	-0.7987	-0.7015	0.6111	0.3229	0.1717	-2.0587	-1.0481
140343	0.6256	0.3665	-1.3858	0.2863	-0.5326	1.3438	2.0691	0.7881	0.1386	-0.8425	-0.8688	0.5254	0.1998	0.1599	-2.0141	-0.8571
140627	0.4771	0.1168	-1.3989	0.4819	-0.5569	1.4086	1.8501	1.0949	0.3244	-0.9888	-1.0218	0.4746	-0.0734	0.3626	-2.0016	-0.5472
140630	0.6968	0.3225	-1.3751	0.0426	-0.497	1.3084	1.896	0.8128	-0.0033	-0.7182	-0.7314	0.6703	0.3579	0.3786	-2.1816	-0.981
140646	0.655	0.3285	-1.3748	0.2807	-0.524	1.373	1.9785	0.8411	0.1274	-0.875	-0.836	0.5654	0.2081	0.1941	-2.0368	-0.9036
140867	0.4771	0.1143	-1.3761	0.3521	-0.5653	1.3782	1.93	1.0163	0.2612	-0.7996	-0.9892	0.4891	0.0379	0.3965	-2.1264	-0.5951
141029	0.6246	0.2443	-1.3664	0.1417	-0.4993	1.3714	1.8938	0.8686	0.0921	-0.7604	-0.7845	0.6006	0.292	0.3893	-2.1639	-0.945
141102	0.6977	0.4165	-1.3396	0.2858	-0.5386	1.3864	2.0049	0.7562	0.06	-0.924	-0.7467	0.5797	0.2676	0.0839	-1.9777	-1.0099
141103	0.5524	0.2583	-1.3512	0.4311	-0.5675	1.401	2.0555	0.8833	0.2324	-0.9222	-0.974	0.4718	0.0915	0.1217	-1.9587	-0.7215
141107	0.7097	0.3608	-1.3883	0.0462	-0.4764	1.2998	1.8755	0.8153	0.0086	-0.7419	-0.713	0.6791	0.3402	0.3812	-2.1542	-1.0442
141139	0.5336	0.2272	-1.3774	0.5358	-0.5839	1.4265	1.9494	0.9764	0.2998	-1.0162	-0.9704	0.4511	-0.0253	0.1614	-1.9345	-0.6497
141171	0.5485	0.1685	-1.3541	0.1947	-0.5741	1.3284	2.1381	0.8371	0.154	-0.6859	-1.0707	0.4866	0.2038	0.2691	-2.0839	-0.5575
141181	0.508	0.1963	-1.3506	0.4846	-0.5412	1.4217	1.9697	0.9718	0.2763	-0.9705	-0.9912	0.4688	0.0338	0.1989	-1.9693	-0.7039
141268	0.408	0.0828	-1.3535	0.4018	-0.5312	1.3716	2.0084	0.9854	0.2815	-0.7767	-1.0638	0.4421	0.0262	0.3678	-2.1039	-0.5449
150025	0.5409	0.1233	-1.3852	0.2143	-0.5375	1.3891	1.8558	0.9797	0.1721	-0.7444	-0.88	0.5483	0.1713	0.4848	-2.2059	-0.728
150143	0.5771	0.2343	-1.396	0.3522	-0.5689	1.3776	1.9884	0.9315	0.2214	-0.8853	-0.9595	0.5029	0.0774	0.2566	-2.0262	-0.6812
150208	0.7129	0.2463	-1.3319	-0.0266	-0.5245	1.3564	1.8727	0.7956	-0.0561	-0.6658	-0.7128	0.673	0.4414	0.4019	-2.2197	-0.9648
150257	0.5154	0.0993	-1.4201	0.259	-0.5254	1.3588	1.9247	0.9853	0.2467	-0.7462	-1.0237	0.4956	0.0676	0.4836	-2.1361	-0.5839
150452	0.7062	0.4578	-1.3167	0.1275	-0.5328	1.3432	1.9563	0.6904	-0.0233	-0.7354	-0.5903	0.6267	0.3889	0.1809	-2.1133	-1.1666
150558	0.65	0.3685	-1.2468	-0.0173	-0.4669	1.2866	2.0316	0.6469	-0.0865	-0.5551	-0.6662	0.6533	0.4873	0.268	-2.2051	-1.1499
150561	0.5916	0.1572	-1.4031	0.1871	-0.554	1.366	1.9352	0.9263	0.16	-0.7379	-0.9336	0.5352	0.1779	0.4228	-2.1594	-0.6712
150635	0.5473	0.2147	-1.3902	0.2982	-0.5743	1.3461	2.0584	0.8907	0.2197	-0.7663	-0.9953	0.4813	0.0949	0.2804	-2.0745	-0.6287
150913	0.714	0.4152	-1.336	0.0757	-0.4645	1.3174	1.9272	0.7254	-0.0326	-0.7366	-0.6538	0.6608	0.4072	0.2606	-2.1239	-1.1574
150921	0.7087	0.2786	-1.4015	0.0577	-0.5391	1.3341	1.9647	0.8043	0.0287	-0.734	-0.8364	0.6129	0.3304	0.3462	-2.1317	-0.8237
151092	0.495	0.1454	-1.3873	0.4606	-0.5495	1.3992	1.8888	1.0569	0.2958	-0.9557	-1.0055	0.4879	-0.0325	0.3243	-2.0206	-0.6007
160086	0.6429	0.2099	-1.3727	0.1228	-0.5262	1.3626	1.8984	0.8909	0.0721	-0.7595	-0.8305	0.6149	0.283	0.3991	-2.1735	-0.8351
160626	0.4149	0.1082	-1.3592	0.5533	-0.5817	1.3963	1.9384	1.0749	0.3764	-0.9534	-1.0724	0.4239	-0.1182	0.2669	-1.973	-0.4914
160642	0.4963	0.1406	-1.3843	0.2152	-0.5861	1.3042	2.1076	0.8787	0.2281	-0.6139	-1.0756	0.4511	0.0943	0.3763	-2.1347	-0.4956
160662	0.7747	1.2893	-0.9206	0.6759	-0.5087	1.2478	1.7505	-0.0365	-0.0928	-1.4002	0.051	0.3507	0.4738	-1.2224	-0.8336	-1.588
160725	0.526	0.1675	-1.3518	0.2678	-0.5591	1.3857	2.0011	0.9131	0.1891	-0.7571	-0.9446	0.5017	0.1681	0.3305	-2.1277	-0.7093
160730	0.3792	0.0473	-1.3548	0.6728	-0.5196	1.4412	1.8608	1.1211	0.4248	-1.0632	-1.1078	0.3956	-0.1981	0.2621	-1.8954	-0.462
160767	0.5371	0.1543	-1.4149	0.3306	-0.5549	1.3836	1.9184	0.9892	0.2573	-0.832	-0.9823	0.497	0.0588	0.3789	-2.0875	-0.6322
160772	0.4914	0.1134	-1.3998	0.2659	-0.5545	1.3391	2.0243	0.9266	0.252	-0.6684	-1.047	0.4542	0.0651	0.4208	-2.1444	-0.5373
160774	0.5906	0.283	-1.3588	0.3585	-0.5789	1.4038	2.0382	0.846	0.1924	-0.8518	-0.8899	0.4866	0.1485	0.1542	-2.0229	-0.7967
160777	0.7205	0.4072	-1.3451	0.0672	-0.5554	1.3138	2.0195	0.695	-0.0359	-0.69	-0.687	0.6256	0.3809	0.2183	-2.1303	-1.0042
160792	0.4791	0.0543	-1.4089	0.6414	-0.5559	1.4599	1.6587	1.2234	0.3923	-1.1796	-1.0019	0.4844	-0.2547	0.3637	-1.8919	-0.4614
160939	0.7732	0.4601	-1.3411	0.2437	-0.5551	1.3971	1.8972	0.7622	-0.0	-0.9589	-0.6168	0.6292	0.2929	0.108	-1.9937	-1.0966
161152	0.6689	0.3808	-1.3077	0.1302	-0.5354	1.3509	2.0541	0.7006	0.0089	-0.7294	-0.7423	0.586	0.3905	0.1607	-2.0868	-1.029
161264	0.6212	0.2533	-1.4193	0.1071	-0.5076	1.2976	2.0	0.8386	0.1024	-0.6966	-0.9107	0.5772	0.231	0.4113	-2.1535	-0.7522
161286	0.4909	0.2357	-1.3229	0.3516	-0.523	1.3669	2.0795	0.8745	0.2029	-0.7967	-0.9665	0.4848	0.158	0.204	-2.064	-0.7736
161385	0.3832	0.1336	-1.352	0.5536	-0.5225	1.3717	2.0833	0.9694	0.3563	-0.9203	-1.1636	0.3727	-0.0576	0.193	-1.9147	-0.4814
161424	0.5709	0.2851	-1.3437	0.5409	-0.5795	1.4305	1.9707	0.9426	0.2634	-1.0802	-0.9428	0.4802	0.0095	0.0734	-1.8731	-0.7428
170012	0.6165	0.2043	-1.4293	0.2565	-0.5047	1.3676	1.854	0.9853	0.1724	-0.8871	-0.9052	0.5849	0.115	0.4125	-2.0929	-0.7498
170050	0.4904	0.2022	-1.355	0.5022	-0.5352	1.4175	1.9427	0.9932	0.286	-0.9867	-0.9766	0.4676	0.0306	0.2136	-1.9789	-0.7109
170077	0.6388	0.2977	-1.3066	0.1476	-0.6116	1.3738	2.117	0.7231	0.0357	-0.7011	-0.8174	0.5417	0.3234	0.1715	-2.1032	-0.8286
170172	0.5011	0.2064	-1.3511	0.4997	-0.6336	1.4058	2.0449	0.95	0.2987	-0.9301	-1.0263	0.4234	-0.0149	0.134	-1.945	-0.5578
170319	0.8924	0.7413	-1.2485	0.055	-0.4486	1.235	1.9013	0.4754	-0.1942	-0.8374	-0.3227	0.7069	0.5176	-0.0568	-1.8866	-1.5289
170393	0.5153	0.1364	-1.4016	0.5493	-0.554	1.438	1.7911	1.1169	0.3336	-1.0893	-0.9889	0.4893	-0.1146	0.3062	-1.9399	-0.5849
170412	0.6783	0.3763	-1.3336	-0.0144	-0.5125	1.2689	2.0746	0.657	-0.037	-0.548	-0.7528	0.6026	0.4235	0.2791	-2.1884	-0.9744
170483	0.5844	0.218	-1.4125	0.3473	-0.5353	1.3897	1.9767	0.9189	0.229	-0.8841	-0.9753	0.4939	0.0979	0.2714	-2.0193	-0.6985
170509	0.5644	0.2376	-1.37	0.4075	-0.5514	1.4134	1.9524	0.9477	0.2251	-0.9614	-0.9393	0.5061	0.0946	0.2209	-1.9895	-0.7554
170718	0.7337	0.3655	-1.4006	0.0993	-0.4993	1.3228	1.9261	0.7907	0.0146	-0.7937	-0.7417	0.6508	0.3169	0.2989	-2.1032	-0.9811
170739	0.8172	0.4743	-1.3449	-0.0409	-0.5426	1.2974	1.9587	0.6195	-0.1349	-0.6715	-0.5714	0.6826	0.4711	0.2195	-2.1188	-1.1159
170857	0.645	0.4334	-1.3432	0.2192	-0.5231	1.3449	2.0168	0.7165	0.0577	-0.755	-0.6879	0.5648	0.3109	0.1641	-2.0966	-1.0673
171209	0.531	0.086	-1.439	0.2845	-0.5419	1.3775	1.8372	1.0447	0.2474	-0.815	-0.9894	0.5217	0.036	0.5137	-2.1319	-0.5624
171236	0.7446	0.3714	-1.3848	0.1461	-0.5398	1.3588	1.901	0.8046	0.0162	-0.8407	-0.7061	0.6416	0.3109	0.2494	-2.0902	-0.983
171322	0.6607	0.4298	-1.3201	0.1628	-0.503	1.3327	1.9867	0.7288	0.0211	-0.7534	-0.6785	0.6098	0.3585	0.1901	-2.1021	-1.1239
171345	0.6314	0.307	-1.3606	0.3704	-0.519	1.4081	1.8877	0.9267	0.1524	-0.994	-0.8104	0.5777	0.1424	0.2116	-2.011	-0.9187
171405	0.6455	0.2205	-1.3381	0.1148	-0.5099	1.3824	1.8859	0.8578	0.0405	-0.7497	-0.7688	0.621	0.3464	0.373	-2.1897	-0.9331
171418	0.7012	0.3982	-1.3441	0.1905	-0.548	1.366	1.9817	0.7505	0.0201	-0.8227	-0.7023	0.5968	0.3336	0.1658	-2.0701	-1.0165
171477	0.6277	0.1934	-1.4232	0.2274	-0.4949	1.3748	1.8461	0.9712	0.1514	-0.8733	-0.8871	0.6005	0.1417	0.4289	-2.1066	-0.7781
171574	0.6311	0.2936	-1.3993	0.3235	-0.5511	1.3887	1.9408	0.8968	0.1511	-0.9254	-0.849	0.5502	0.1537	0.2418	-2.0359	-0.8092
171608	0.6025	0.1987	-1.4366	0.2167	-0.5064	1.3571	1.8959	0.9366	0.1658	-0.8055	-0.9098	0.559	0.1531	0.436	-2.1297	-0.7338
180099	0.6759	0.4088	-1.3164	0.1102	-0.5724	1.3356	2.2288	0.5719	0.0132	-0.6402	-0.8355	0.4935	0.3837	0.0625	-2.0265	-0.89
180299	0.4785	0.1535	-1.3763	0.4113	-0.569	1.3903	2.0049	0.9686	0.2935	-0.8477	-1.032	0.4397	0.0222	0.293	-2.0334	-0.5942
180325	0.6667	0.359	-1.312	0.2203	-0.558	1.3984	2.0297	0.726	0.0456	-0.7845	-0.73	0.5515	0.3418	0.1225	-2.0728	-1.0032
180494	0.4947	0.145	-1.3597	0.3751	-0.5558	1.4144	1.9093	1.0011	0.2251	-0.8725	-0.9333	0.4994	0.0969	0.3507	-2.104	-0.6857
180562	0.5794	0.2776	-1.3723	0.4123	-0.5394	1.3994	1.978	0.9142	0.2156	-0.9565	-0.9198	0.5086	0.0939	0.1849	-1.9806	-0.7923
180594	0.51	0.1282	-1.4044	0.3618	-0.5506	1.3888	1.9068	1.019	0.2657	-0.8567	-0.9961	0.4873	0.0276	0.398	-2.0826	-0.6013
180643	0.7098	0.3095	-1.3954	0.0467	-0.4973	1.3119	1.9319	0.8034	0.0235	-0.7156	-0.7927	0.6532	0.3272	0.364	-2.15	-0.9308
180701	0.5969	0.2309	-1.3935	0.3613	-0.5005	1.4051	1.8294	1.003	0.1874	-0.9837	-0.8608	0.5725	0.1028	0.3281	-2.0476	-0.8307
180767	0.56	0.23	-1.3825	0.3671	-0.5462	1.4065	1.9055	0.9568	0.2039	-0.9067	-0.8704	0.5264	0.1133	0.2974	-2.072	-0.7885
180768	0.7626	0.4299	-1.2971	-0.2382	-0.4802	1.1973	1.9713	0.5816	-0.1731	-0.4162	-0.618	0.7057	0.572	0.3725	-2.2362	-1.1365
180770	0.6428	0.3242	-1.3706	0.3023	-0.5045	1.3781	1.9178	0.8873	0.1228	-0.9276	-0.8033	0.5902	0.1877	0.236	-2.0442	-0.9381
180839	0.5003	0.1072	-1.3984	0.4083	-0.5946	1.4117	1.893	1.0386	0.2861	-0.8838	-0.9835	0.4714	-0.0165	0.3779	-2.0704	-0.5455
181030	0.6506	0.2864	-1.3751	0.1788	-0.5103	1.353	1.9838	0.8163	0.087	-0.7677	-0.8316	0.5852	0.2726	0.2791	-2.1153	-0.8927
181063	0.6744	0.3173	-1.2928	-0.0465	-0.4881	1.284	2.047	0.6824	-0.0665	-0.5624	-0.7729	0.6345	0.4769	0.2999	-2.1976	-0.9906
181066	0.6467	0.215	-1.4288	0.1592	-0.5354	1.3542	1.8862	0.9152	0.1147	-0.7836	-0.8563	0.5944	0.1956	0.4306	-2.1535	-0.755
181132	0.6703	0.4071	-1.3282	0.0418	-0.5016	1.2691	2.1461	0.6251	-0.0188	-0.5942	-0.796	0.5789	0.4033	0.189	-2.1195	-0.9715
181182	0.6765	0.3521	-1.3674	0.4735	-0.6061	1.4527	1.9292	0.8864	0.1859	-1.1029	-0.8239	0.5176	0.0667	0.0679	-1.8743	-0.8295
181207	0.5577	0.2589	-1.3686	0.5594	-0.5447	1.4339	1.8858	1.0075	0.2848	-1.1258	-0.9398	0.4956	-0.0378	0.1584	-1.8802	-0.741
181230	0.5507	0.0858	-1.4287	0.3557	-0.5473	1.4295	1.7592	1.0899	0.2662	-0.9169	-0.9417	0.5374	0.003	0.4767	-2.088	-0.6311
181374	0.5632	0.2976	-1.3124	0.3142	-0.6248	1.3859	2.2103	0.7348	0.1588	-0.7554	-0.9649	0.4336	0.2039	0.0408	-1.9899	-0.691
181423	0.4845	0.0867	-1.4142	0.3274	-0.565	1.367	1.9226	1.0222	0.2799	-0.7908	-1.036	0.4688	0.0084	0.4589	-2.1107	-0.5086
181693	0.6595	0.2026	-1.3969	0.0985	-0.5483	1.373	1.8172	0.9145	0.0584	-0.7475	-0.7648	0.6317	0.2838	0.4651	-2.2161	-0.8328
181758	0.6229	0.2529	-1.3836	0.1834	-0.4682	1.3493	1.902	0.8985	0.1073	-0.8245	-0.843	0.6162	0.2433	0.3722	-2.1213	-0.9079
182084	0.6253	0.3442	-1.336	0.3058	-0.5859	1.3852	2.0933	0.7765	0.1264	-0.8437	-0.8718	0.5014	0.2391	0.0773	-2.0005	-0.8335
182097	0.6099	0.2367	-1.39	0.1784	-0.5639	1.3465	2.0221	0.8375	0.1205	-0.7192	-0.8893	0.5396	0.2174	0.3272	-2.1405	-0.7321
190069	0.6245	0.2657	-1.4013	0.2286	-0.5291	1.3565	1.9561	0.8824	0.1396	-0.814	-0.8697	0.566	0.1894	0.3187	-2.1	-0.8128
190089	0.5506	0.1675	-1.4073	0.306	-0.5512	1.371	1.9333	0.9747	0.2185	-0.8325	-0.9636	0.5175	0.0749	0.3818	-2.0989	-0.6412
190106	0.6008	0.2179	-1.3931	0.1754	-0.483	1.3323	2.0321	0.8528	0.1131	-0.7997	-0.9746	0.5647	0.2272	0.3452	-2.0756	-0.7345
190197	0.6804	0.3291	-1.3656	0.2514	-0.5262	1.3806	1.9243	0.8521	0.0771	-0.8989	-0.7744	0.6136	0.2385	0.2205	-2.0588	-0.9431
190206	0.5984	0.3465	-1.3249	0.1182	-0.5409	1.3034	2.189	0.6582	0.035	-0.6011	-0.8535	0.4945	0.3522	0.1875	-2.1371	-0.8244
190323	0.565	0.2882	-1.3566	0.3838	-0.6008	1.3904	2.0997	0.8359	0.2237	-0.847	-0.9624	0.4468	0.1232	0.1051	-1.9806	-0.7102
190533	0.5986	0.1904	-1.433	0.3278	-0.5292	1.3946	1.835	1.0119	0.2141	-0.9253	-0.907	0.5507	0.0645	0.3913	-2.0716	-0.7121
190789	0.5697	0.1937	-1.4141	0.3958	-0.5238	1.4097	1.8114	1.0455	0.233	-0.9913	-0.9016	0.5435	0.0361	0.365	-2.0419	-0.73
