	0	1	2	3	4	5	6	7	8	9	10	11	12	13	14	15
120111	-0.7482	-0.0058	0.6092	-0.8587	1.5527	0.0551	0.6013	-1.5338	0.9605	0.4707	-1.8188	0.5247	1.2713	0.5776	-0.1794	-1.516
120163	-1.2723	-0.2274	0.5669	-0.6993	1.5847	0.1343	0.8623	-1.5841	1.3693	0.4587	-1.5651	0.3468	0.9726	0.6649	-0.438	-1.2092
120165	-1.1508	-0.1404	0.6111	-0.8432	1.6102	0.1155	0.7547	-1.5905	1.23	0.2333	-1.4971	0.4677	1.2045	0.6372	-0.2944	-1.3825
120285	-1.0564	-0.1274	0.5597	-0.9753	1.5472	-0.0827	0.6154	-1.2372	1.1595	0.4114	-1.8723	0.4785	1.4494	0.5837	-0.3743	-1.1059
130020	-1.3219	-0.1642	0.8538	-0.7416	1.6584	-0.035	0.9116	-1.4528	1.0048	0.4401	-1.6965	0.3516	1.0784	0.5788	-0.3921	-1.1063
130023	-1.2775	-0.2294	0.6904	-0.9397	1.5008	-0.0163	0.8504	-1.5555	1.2061	0.3373	-1.48	0.4384	1.1917	0.778	-0.3845	-1.1428
130157	-1.0587	0.0669	0.593	-1.0047	1.4727	-0.1481	0.5637	-1.7331	0.7318	0.6632	-1.595	0.5279	1.4825	0.3538	0.4309	-1.3936
130199	-1.2919	-0.1928	0.6157	-0.8809	1.4579	0.0588	0.8983	-1.6122	1.3731	0.2971	-1.4019	0.4798	1.0549	0.808	-0.4261	-1.2743
130214	-0.9069	0.2493	0.6663	-1.0104	1.4432	-0.1074	0.6108	-1.5004	0.76	0.5725	-1.7991	0.542	1.4081	0.4654	0.0731	-1.511
130221	-1.0518	-0.1407	0.6294	-0.9186	1.4975	0.0217	0.7007	-1.4728	1.1416	0.4704	-1.7655	0.6017	1.21	0.6504	-0.3611	-1.2489
130275	-1.1217	-0.124	0.5942	-0.7166	1.6659	0.1607	0.802	-1.6144	1.1003	0.4065	-1.5604	0.4956	1.0719	0.5527	-0.3395	-1.4104
130338	-0.9516	0.2438	0.7649	-0.8735	1.5683	-0.1107	0.6585	-1.4301	0.6382	0.6098	-1.9478	0.5418	1.296	0.3781	0.0853	-1.5166
130354	-1.5033	-0.1929	0.6793	-0.8363	1.4828	0.1535	0.9054	-1.6657	1.3745	0.279	-1.2661	0.4004	0.9511	0.8089	-0.4148	-1.1931
130397	-1.5613	-0.2741	0.6943	-0.9059	1.4979	0.1242	0.8545	-1.4294	1.4362	0.1641	-1.3812	0.4654	1.057	0.7858	-0.4726	-1.0873
140098	-1.3536	-0.1065	0.7637	-0.7287	1.4658	0.1885	0.9754	-1.7174	1.2681	0.4069	-1.419	0.3938	0.7924	0.7911	-0.4577	-1.3058
140188	-1.0731	-0.0176	0.831	-0.9593	1.4582	-0.098	0.7779	-1.1554	1.016	0.4628	-2.0036	0.5036	1.2124	0.6962	-0.5322	-1.1513
140332	-1.6758	-0.3976	0.8527	-0.8552	1.4686	0.0088	0.9195	-1.2047	1.4556	0.1236	-1.5174	0.3616	0.9709	0.9246	-0.7482	-0.7089
140343	-1.1641	-0.0883	0.6261	-0.7541	1.4875	0.2287	0.7904	-1.7142	1.2296	0.4267	-1.4787	0.5191	0.9635	0.6873	-0.3841	-1.4175
140627	-1.176	0.0796	0.8418	-0.9437	1.3816	0.001	0.7277	-1.7403	0.9372	0.3718	-1.4412	0.3987	1.2855	0.7934	-0.2005	-1.3568
140630	-0.829	0.0121	0.5145	-0.9135	1.3679	0.049	0.5973	-1.7794	1.1719	0.4144	-1.63	0.5447	1.3088	0.6748	-0.1083	-1.436
140646	-1.6935	-0.2001	0.9437	-0.7781	1.3881	-0.0496	0.9663	-1.8572	1.071	0.5093	-1.2442	0.1658	1.0255	0.8869	-0.3345	-0.8351
140867	-1.2127	-0.0021	0.635	-0.7993	1.4178	-0.0124	0.967	-1.887	1.2423	0.3625	-1.2973	0.3636	0.9708	0.8966	-0.3564	-1.3282
141029	-1.1354	0.0485	0.8011	-1.1052	1.2628	-0.074	0.3966	-1.4268	0.7663	0.6085	-1.756	0.6865	1.5875	0.5283	0.2169	-1.4527
141102	-1.1813	-0.1665	0.5439	-0.7394	1.5769	0.193	0.7221	-1.6676	1.2023	0.4936	-1.5143	0.5557	1.0589	0.5581	-0.3088	-1.366
141103	-1.2644	-0.2229	0.5884	-0.8437	1.5933	0.0852	0.7528	-1.4825	1.2736	0.3514	-1.5868	0.5102	1.1984	0.5741	-0.3901	-1.1696
141107	-1.3674	-0.2364	0.6325	-0.8092	1.4786	0.0747	0.8672	-1.7326	1.3581	0.4083	-1.3653	0.3479	1.0306	0.796	-0.3649	-1.1542
141139	-0.8388	0.1444	0.5076	-0.9041	1.5503	-0.081	0.5276	-1.4439	0.9273	0.4589	-1.7897	0.5752	1.4647	0.451	-0.1063	-1.4788
141171	-1.1249	0.2404	0.6529	-0.9122	1.3077	-0.0245	0.6716	-2.0316	0.7353	0.6318	-1.2295	0.4731	1.2292	0.7113	0.1135	-1.4933
141181	-1.2097	0.1686	0.7047	-0.6935	1.766	-0.0771	0.5551	-1.4987	0.6979	0.6699	-1.6692	0.341	1.3002	0.2403	0.0857	-1.42
141268	-0.9388	0.3132	0.4864	-0.6326	1.566	0.0218	0.8304	-2.1072	0.9612	0.4649	-1.3664	0.3093	1.0242	0.5764	0.0786	-1.6346
150025	-0.8877	0.1855	0.5278	-0.9504	1.4781	-0.0665	0.534	-1.6546	0.8022	0.5693	-1.6253	0.6253	1.4416	0.3958	0.1265	-1.5455
150143	-1.0139	-0.1034	0.5863	-0.6624	1.6638	0.1752	0.7677	-1.593	1.1013	0.4538	-1.701	0.547	1.0347	0.476	-0.3169	-1.4543
150208	-1.6772	-0.2886	0.8256	-0.9164	1.4733	0.0588	0.8142	-1.3737	1.3356	0.1899	-1.2891	0.3414	1.1133	0.8922	-0.53	-0.9969
150257	-0.7856	0.1466	0.7029	-0.7242	1.4508	0.0727	0.7825	-1.7757	0.9433	0.5788	-1.8365	0.3921	1.0089	0.5797	0.0082	-1.5941
150452	-0.9526	-0.0848	0.5519	-0.863	1.3731	-0.085	0.7108	-1.853	1.2287	0.5046	-1.5345	0.2588	1.3093	0.7817	-0.0149	-1.3698
150558	-1.1136	0.0982	0.6011	-0.8882	1.5403	0.0441	0.4621	-1.6586	0.8508	0.6175	-1.5333	0.5107	1.3736	0.4306	0.0858	-1.4636
150561	-1.0935	-0.287	0.6438	-0.9304	1.4105	-0.0933	0.8789	-1.3335	1.4075	0.2657	-1.8468	0.5071	1.1706	0.7997	-0.5605	-0.9668
150635	-1.4941	-0.2437	0.813	-0.8535	1.5582	0.0614	0.8148	-1.5402	1.2493	0.2985	-1.4125	0.3356	1.0736	0.7534	-0.331	-1.1164
150913	-1.4761	-0.1896	0.6588	-0.9003	1.4096	0.0625	1.0214	-1.5483	1.4614	0.2047	-1.3441	0.4232	0.9215	0.9155	-0.5493	-1.1056
150921	-1.3233	0.0398	0.4912	-0.7265	1.4773	0.0881	0.6519	-2.1312	1.1458	0.4506	-1.0218	0.4034	1.1407	0.7593	-0.0557	-1.4315
151092	-1.4236	0.0824	0.912	-0.9551	1.4587	-0.1665	0.4855	-1.656	0.439	0.771	-1.452	0.5136	1.4463	0.4287	0.4493	-1.3814
160086	-0.8809	-0.0374	0.5455	-0.8646	1.4496	0.011	0.7934	-1.709	1.0877	0.4452	-1.5634	0.5351	1.2238	0.7068	-0.3001	-1.4813
160626	-1.0852	-0.1286	0.521	-0.8682	1.3438	0.1154	0.9219	-1.7583	1.3618	0.3768	-1.3831	0.5417	1.0442	0.7711	-0.4639	-1.3504
160642	-1.1637	-0.1484	0.665	-0.8934	1.3776	0.0544	0.8739	-1.6432	1.3373	0.3505	-1.505	0.4088	1.0689	0.8798	-0.4747	-1.2236
160662	-1.0762	-0.0154	0.6295	-0.9518	1.4016	-0.0861	0.6459	-1.7417	1.1239	0.3742	-1.5217	0.3674	1.4022	0.7677	-0.0534	-1.3026
160725	-1.1975	0.1389	0.713	-0.6525	1.6459	0.0424	0.7077	-1.8509	0.7933	0.4302	-1.2664	0.3846	1.1534	0.6013	-0.0557	-1.6289
160730	-1.1735	-0.169	0.5831	-0.81	1.484	0.094	0.8635	-1.7797	1.1486	0.5158	-1.3284	0.5316	1.0244	0.7224	-0.3377	-1.4096
160767	-1.1385	0.2037	0.8649	-1.1047	1.2895	-0.1453	0.6592	-1.7214	0.5783	0.7143	-1.58	0.5253	1.3372	0.5896	0.3354	-1.4611
160772	-1.1625	-0.1329	0.5601	-0.8982	1.3235	0.1184	0.9163	-1.7223	1.3944	0.3328	-1.3774	0.5807	1.0031	0.8006	-0.4616	-1.3159
160774	-1.702	-0.3932	0.7932	-0.8404	1.5405	0.0502	0.9886	-1.2247	1.4109	0.1731	-1.4855	0.3943	0.9479	0.798	-0.6716	-0.8048
160777	-0.914	0.0628	0.6782	-0.7252	1.5593	0.0218	0.752	-1.782	0.929	0.46	-1.645	0.3796	1.2081	0.5043	-0.0132	-1.5181
160792	-1.1664	-0.0132	0.6676	-1.0289	1.45	-0.2086	0.5983	-1.6079	0.9875	0.4734	-1.6179	0.2761	1.4881	0.6546	0.2211	-1.2106
160939	-1.285	-0.0494	0.6345	-0.7841	1.4854	0.1758	0.9358	-1.7067	1.4279	0.2126	-1.3843	0.3702	0.8689	0.8445	-0.4262	-1.3597
161152	-1.2699	-0.1878	0.6585	-0.8608	1.5309	-0.0211	0.6717	-1.575	1.2824	0.4223	-1.5519	0.2499	1.2486	0.7661	-0.2436	-1.1517
161264	-1.1897	-0.1842	0.5889	-0.7401	1.4923	0.1811	0.8081	-1.8674	1.1921	0.5169	-1.3951	0.5287	0.9867	0.6211	-0.2455	-1.3373
161286	-1.2204	-0.0613	0.6441	-0.8442	1.4002	0.1322	0.7731	-1.7897	1.2585	0.3715	-1.3332	0.4144	1.055	0.8533	-0.333	-1.3602
161385	-0.9888	-0.0188	0.61	-0.7426	1.5331	-0.0881	0.8001	-1.8241	0.9645	0.577	-1.6066	0.3907	1.1868	0.5674	-0.0188	-1.3831
161424	-1.6869	-0.2373	0.8912	-0.8144	1.4722	0.0309	0.8203	-1.6662	1.1294	0.4586	-1.2339	0.2744	1.0787	0.8056	-0.3507	-1.0065
170012	-0.9361	0.0202	0.7269	-1.1124	1.3456	-0.035	0.599	-1.4661	1.0036	0.4382	-1.742	0.6017	1.3988	0.7021	-0.1908	-1.3936
170050	-1.4366	0.0833	0.9741	-1.0223	1.3687	-0.0741	0.5519	-1.5824	0.5827	0.7491	-1.576	0.5102	1.3561	0.5582	0.2453	-1.3382
170077	-1.0738	0.303	0.7579	-1.0193	1.4453	-0.0919	0.5076	-1.6069	0.6346	0.5875	-1.5365	0.5423	1.4191	0.4968	0.2091	-1.6224
170172	-0.7045	0.1141	0.5866	-0.6875	1.6255	-0.0265	0.6525	-1.7	0.8969	0.4569	-1.7338	0.5032	1.2373	0.3639	0.0706	-1.6976
170319	-1.2563	-0.0548	0.6165	-0.634	1.5794	0.1141	0.6976	-1.8306	1.1413	0.5083	-1.4268	0.359	1.1078	0.551	-0.164	-1.3483
170393	-0.9237	0.2486	0.6933	-1.0024	1.3223	0.0051	0.561	-1.5768	0.8114	0.6193	-1.8414	0.6633	1.2808	0.4981	0.1734	-1.5854
170412	-1.1243	-0.1306	0.5194	-0.814	1.5217	-0.0592	0.7777	-1.5879	1.2883	0.4338	-1.6444	0.3857	1.2204	0.6768	-0.3273	-1.1685
170483	-1.2279	-0.0994	0.5223	-0.8409	1.4687	0.0154	0.622	-1.9394	0.9997	0.5884	-1.2154	0.465	1.3218	0.6041	0.017	-1.3415
170509	-0.814	0.0485	0.6393	-0.8521	1.411	0.0363	0.681	-1.7419	1.0025	0.5788	-1.7272	0.4482	1.1789	0.6474	-0.0456	-1.5365
170718	-1.624	-0.3008	0.7118	-0.8501	1.5626	0.122	0.893	-1.464	1.3649	0.2259	-1.3392	0.3987	1.0312	0.7441	-0.4647	-1.0429
170739	-1.507	-0.1412	0.8508	-0.7347	1.6227	0.0794	0.8296	-1.5738	1.0214	0.419	-1.4368	0.3951	1.0351	0.6165	-0.3301	-1.1825
170857	-1.5019	-0.2265	0.7675	-0.9399	1.3877	0.1027	0.9048	-1.5129	1.4356	0.1715	-1.3234	0.4231	0.9896	0.936	-0.5208	-1.1274
171209	-1.21	-0.1099	0.6332	-0.8097	1.5463	0.0451	0.6954	-1.7464	1.1292	0.4351	-1.4448	0.3766	1.2364	0.6398	-0.157	-1.2962
171236	-1.3481	-0.0389	0.7241	-0.8646	1.4102	0.1452	0.8205	-1.7063	1.3107	0.2315	-1.2512	0.4284	0.9985	0.9199	-0.4093	-1.4102
171322	-1.0842	-0.0737	0.6311	-0.8256	1.4271	-0.0508	0.8075	-1.6046	1.1657	0.5658	-1.7218	0.4655	1.134	0.7047	-0.3412	-1.2378
171345	-1.1697	0.156	0.8254	-0.8848	1.5057	-0.0222	0.679	-1.6354	0.7634	0.5953	-1.684	0.5093	1.2232	0.4995	-0.0321	-1.3744
171405	-1.2218	0.1197	0.8244	-0.657	1.6548	0.0385	0.7001	-1.8197	0.6493	0.6916	-1.5223	0.3549	1.0983	0.3889	0.1112	-1.458
171418	-1.1167	0.0965	0.6528	-1.0388	1.2691	-0.1043	0.6711	-1.8908	0.9649	0.4772	-1.3911	0.4401	1.3865	0.7694	0.0878	-1.3174
171477	-0.7817	0.2361	0.7559	-0.9879	1.4436	-0.0261	0.5705	-1.4278	0.6441	0.5196	-1.8973	0.7414	1.3312	0.5026	-0.0091	-1.6618
171574	-1.0125	-0.0571	0.5399	-0.9503	1.4129	0.0719	0.6207	-1.7169	1.223	0.3187	-1.4288	0.5138	1.3207	0.759	-0.2109	-1.4412
171608	-0.9323	-0.0552	0.5392	-0.84	1.5567	0.0208	0.7932	-1.6297	1.0542	0.4017	-1.5562	0.5277	1.2523	0.6353	-0.3318	-1.4713
180099	-1.1386	0.1426	0.8807	-0.9405	1.3952	-0.0656	0.6497	-1.5894	0.6077	0.7392	-1.8337	0.5679	1.2428	0.4975	0.2399	-1.4485
180299	-0.8967	0.0208	0.5082	-0.8811	1.4889	-0.1081	0.6482	-1.6881	1.0051	0.5199	-1.659	0.4843	1.3885	0.5752	-0.019	-1.4252
180325	-1.5009	-0.1387	0.7522	-0.8375	1.4405	0.1539	0.9193	-1.654	1.3355	0.2767	-1.2614	0.379	0.8962	0.8977	-0.4725	-1.224
180494	-1.0077	0.3946	0.6196	-0.7604	1.4576	-0.0127	0.5505	-2.0175	0.6317	0.6602	-1.3221	0.477	1.1866	0.3581	0.5072	-1.7789
180562	-1.0381	0.0813	0.7545	-0.7751	1.6461	0.0282	0.701	-1.4653	0.8629	0.3919	-1.7812	0.5419	1.1709	0.5343	-0.3112	-1.3786
180594	-0.7505	0.2889	0.8423	-0.8203	1.5684	0.046	0.5998	-1.4233	0.4345	0.5565	-1.9428	0.7856	1.1795	0.3931	-0.0401	-1.7658
180643	-1.2349	0.0435	0.7127	-1.1537	1.4101	-0.1724	0.511	-1.4373	0.9715	0.5061	-1.6816	0.3364	1.5268	0.5991	0.2127	-1.1888
180701	-1.2314	0.2443	0.8268	-1.0074	1.4062	-0.1329	0.4299	-1.698	0.4837	0.7142	-1.391	0.4968	1.4741	0.434	0.4947	-1.5947
180767	-1.1545	-0.0367	0.6583	-0.8048	1.4658	0.0734	0.7138	-1.8254	1.0795	0.4759	-1.3997	0.4408	1.1422	0.7299	-0.1846	-1.4151
180768	-1.2368	0.2144	0.6721	-0.9102	1.5991	-0.0631	0.3573	-1.408	0.8172	0.5725	-1.6646	0.4829	1.4941	0.2714	0.2765	-1.5179
180770	-0.786	0.082	0.5949	-0.788	1.5805	0.0226	0.6721	-1.3735	0.8862	0.5214	-1.9968	0.6658	1.2178	0.4451	-0.3424	-1.4389
180839	-1.0056	-0.2026	0.515	-0.7764	1.4408	0.0775	0.8679	-1.8546	1.279	0.5345	-1.484	0.3957	1.0594	0.7544	-0.3322	-1.3074
181030	-1.4172	-0.1284	0.752	-0.7421	1.5175	0.1399	0.7733	-1.6662	1.2168	0.4323	-1.482	0.3717	1.0279	0.6871	-0.353	-1.1677
181063	-1.3475	0.2485	0.8733	-0.8135	1.5519	-0.1282	0.5382	-1.8202	0.4601	0.7021	-1.3219	0.3612	1.3451	0.382	0.4485	-1.5286
181066	-1.1502	-0.2176	0.6164	-0.7896	1.4003	0.1757	0.83	-1.8038	1.3414	0.5008	-1.539	0.445	0.9406	0.763	-0.405	-1.1481
181132	-0.9401	0.1703	0.4671	-0.7469	1.6953	-0.0348	0.2905	-1.5441	0.7879	0.5181	-1.6365	0.5592	1.5255	0.1425	0.3641	-1.658
181182	-1.2699	-0.0005	0.7214	-0.5935	1.5965	0.185	0.6399	-1.9414	0.978	0.6002	-1.425	0.3738	0.9859	0.5786	-0.0854	-1.3882
181207	-1.0725	-0.1276	0.6002	-0.7605	1.622	0.0287	0.7249	-1.623	1.1153	0.4691	-1.6646	0.4953	1.1693	0.518	-0.1857	-1.3465
181230	-1.0718	0.2078	0.536	-0.7693	1.4873	0.0696	0.2568	-1.8961	0.8497	0.5033	-1.1435	0.4193	1.4433	0.4182	0.4587	-1.815
181374	-1.0371	-0.0777	0.5347	-0.733	1.4374	0.2222	0.7311	-1.7746	1.2741	0.4925	-1.5959	0.6028	0.9623	0.6354	-0.3505	-1.3671
181423	-1.6886	-0.3728	0.8599	-0.866	1.6482	-0.0483	0.7881	-1.0227	1.1547	0.1916	-1.6348	0.5239	1.2249	0.6252	-0.6553	-0.7474
181693	-1.3016	-0.1266	0.5919	-0.6736	1.6454	-0.0852	0.7317	-1.9311	0.9902	0.6046	-1.3605	0.1557	1.2589	0.5411	0.1523	-1.2302
181758	-1.1101	0.3822	0.7382	-0.8594	1.4869	-0.0014	0.3602	-1.6782	0.6474	0.6007	-1.4486	0.4838	1.3523	0.3844	0.3893	-1.7788
182084	-0.8442	0.1677	0.7979	-0.9463	1.3488	0.111	0.6805	-1.7337	0.8462	0.4251	-1.5698	0.6558	1.1593	0.7084	-0.199	-1.6556
182097	-1.2496	-0.0491	0.7776	-0.8156	1.3792	-0.0341	0.9952	-1.938	1.1149	0.4262	-1.3956	0.2566	1.04	0.9011	-0.3012	-1.147
190069	-1.3593	-0.2452	0.6376	-0.899	1.5711	0.091	0.8606	-1.588	1.3146	0.2243	-1.3895	0.4873	1.1032	0.7194	-0.3189	-1.2447
190089	-1.1668	-0.1325	0.6606	-0.8676	1.6451	0.0601	0.7399	-1.5026	0.9832	0.358	-1.5764	0.5666	1.2688	0.5627	-0.3173	-1.3155
190106	-1.2419	-0.0964	0.4747	-0.7879	1.4452	0.1252	0.7171	-1.9829	1.1699	0.4814	-1.1555	0.5409	1.1299	0.6898	-0.1654	-1.3858
190197	-0.8274	0.0779	0.6834	-0.8748	1.5834	0.0037	0.5726	-1.2921	0.8227	0.5233	-2.0011	0.6706	1.3044	0.4462	-0.1858	-1.5465
190206	-0.9884	0.333	0.8699	-0.8971	1.5292	-0.0343	0.6458	-1.5626	0.471	0.6544	-1.7499	0.5734	1.1965	0.4608	0.0946	-1.6466
190323	-1.3015	-0.1033	0.6053	-0.861	1.3111	0.1754	0.8859	-1.8343	1.395	0.3622	-1.2192	0.4252	0.9258	0.9448	-0.4426	-1.3098
190533	-1.3187	-0.0267	0.6891	-0.8781	1.3643	-0.0294	0.6302	-1.9593	1.0846	0.5112	-1.2581	0.2902	1.2772	0.7984	0.0577	-1.2741
190789	-1.2135	-0.0849	0.5663	-0.8177	1.4128	-0.0072	0.624	-1.9787	1.092	0.6351	-1.3481	0.2664	1.3142	0.5883	0.2009	-1.293
