	0	1	2	3	4	5	6	7	8	9	10	11	12	13	14	15
120111	-0.8407	-1.7351	-0.1128	-0.9638	0.8064	-1.8363	-0.5131	0.8069	1.6554	-0.1661	1.5458	0.2713	0.8637	-0.487	0.5138	0.1756
120163	-0.7318	-1.8257	0.0222	-1.0068	0.8824	-1.8163	-0.5617	0.8505	1.6119	-0.1692	1.4583	0.199	0.7699	-0.5389	0.6105	0.2298
120165	-0.757	-1.7781	-0.0547	-1.0076	0.7625	-1.8487	-0.5266	0.7471	1.731	-0.1809	1.3572	0.31	1.0193	-0.4785	0.4419	0.2481
120285	-0.8453	-1.7107	-0.0588	-0.9853	0.8259	-1.8413	-0.5463	0.8304	1.6066	-0.1324	1.6383	0.256	0.7302	-0.4796	0.5682	0.1275
130020	-0.7902	-1.759	0.0072	-1.0438	0.8416	-1.8681	-0.5508	0.8127	1.565	-0.0888	1.5059	0.2059	0.8314	-0.5003	0.6208	0.194
130023	-0.8885	-1.6775	-0.1328	-0.9441	0.818	-1.825	-0.5215	0.7927	1.6185	-0.1735	1.6485	0.2793	0.8386	-0.4913	0.5632	0.0795
130157	-0.9017	-1.7046	-0.1456	-0.9168	0.8406	-1.8122	-0.5043	0.8122	1.665	-0.1705	1.6288	0.2863	0.7865	-0.4805	0.4866	0.114
130214	-0.8393	-1.7448	-0.0778	-0.897	0.8918	-1.7763	-0.5506	0.8898	1.6743	-0.2506	1.6222	0.2564	0.6503	-0.5112	0.506	0.1417
130221	-0.8609	-1.6797	-0.129	-0.9793	0.7706	-1.8547	-0.5243	0.7974	1.6632	-0.161	1.5707	0.3058	0.8892	-0.4717	0.4739	0.1741
130275	-0.828	-1.6604	-0.083	-1.019	0.7679	-1.8737	-0.5582	0.8574	1.6374	-0.1632	1.5946	0.2953	0.7818	-0.4779	0.5018	0.2108
130338	-0.8605	-1.7323	-0.177	-0.9197	0.8079	-1.8217	-0.4881	0.783	1.6767	-0.1519	1.5612	0.2709	0.8804	-0.5108	0.5045	0.1615
130354	-0.8444	-1.715	-0.1215	-0.9653	0.7996	-1.8405	-0.5193	0.8109	1.6469	-0.1663	1.5648	0.2731	0.8628	-0.4938	0.5153	0.1768
130397	-0.869	-1.691	-0.1004	-1.0619	0.7511	-1.9047	-0.4793	0.7478	1.621	-0.0728	1.426	0.2748	1.0532	-0.4406	0.4945	0.2343
140098	-0.8735	-1.6898	-0.1063	-0.985	0.8386	-1.8489	-0.5204	0.8708	1.623	-0.1583	1.5757	0.2516	0.7615	-0.4987	0.5422	0.2007
140188	-0.8248	-1.7314	-0.0934	-1.0137	0.7751	-1.86	-0.5073	0.7915	1.665	-0.1565	1.4706	0.2973	0.9416	-0.4704	0.4736	0.2266
140332	-0.8891	-1.7045	-0.0857	-0.9787	0.8473	-1.8611	-0.5054	0.8285	1.5481	-0.0761	1.6316	0.1951	0.7668	-0.4958	0.6271	0.1345
140343	-0.92	-1.6816	-0.1531	-0.9256	0.828	-1.829	-0.5071	0.8089	1.6107	-0.1276	1.6709	0.2507	0.7971	-0.4757	0.5412	0.096
140627	-0.8216	-1.7458	-0.0699	-0.9967	0.8072	-1.8507	-0.5194	0.7993	1.6566	-0.1552	1.4886	0.273	0.8917	-0.4858	0.5078	0.205
140630	-0.7995	-1.7892	0.0118	-0.9983	0.8346	-1.8446	-0.5382	0.792	1.667	-0.1629	1.4555	0.2679	0.8632	-0.4645	0.5045	0.1847
140646	-0.8095	-1.7009	-0.0583	-1.0166	0.7701	-1.865	-0.548	0.8143	1.6411	-0.1862	1.5309	0.2987	0.8969	-0.4793	0.4891	0.2068
140867	-0.8311	-1.7436	-0.0539	-1.0261	0.7987	-1.871	-0.5093	0.7587	1.6253	-0.0984	1.4778	0.2584	0.9413	-0.4667	0.5426	0.1808
141029	-0.9877	-1.6273	-0.2345	-0.8684	0.8616	-1.7802	-0.4967	0.8121	1.6098	-0.1493	1.7954	0.2649	0.7093	-0.4598	0.5307	0.0041
141102	-0.8951	-1.6664	-0.0817	-0.9681	0.8216	-1.8474	-0.5313	0.8469	1.6316	-0.2195	1.5933	0.3009	0.8317	-0.4696	0.4821	0.1551
141103	-0.863	-1.6969	-0.1496	-0.962	0.7909	-1.836	-0.5117	0.8136	1.669	-0.1809	1.5696	0.3016	0.8653	-0.48	0.4766	0.1776
141107	-0.7635	-1.7754	-0.0488	-1.013	0.7682	-1.8536	-0.5249	0.7531	1.7177	-0.173	1.3639	0.3032	1.0097	-0.4794	0.4507	0.2499
141139	-0.8636	-1.7212	-0.0798	-0.9849	0.8277	-1.8493	-0.5149	0.8135	1.6256	-0.1381	1.5594	0.2615	0.8315	-0.4809	0.5312	0.1656
141171	-0.5603	-1.6292	0.2251	-1.2598	0.6938	-1.9752	-0.6739	0.9391	1.456	-0.2127	1.3993	0.2658	0.832	-0.5544	0.664	0.3753
141181	-0.8539	-1.7107	-0.0885	-0.9958	0.8081	-1.858	-0.5228	0.7921	1.634	-0.1147	1.5556	0.2627	0.8506	-0.4805	0.5434	0.1619
141268	-0.8571	-1.7466	-0.1168	-0.9871	0.7851	-1.8504	-0.4812	0.7373	1.6832	-0.1238	1.4533	0.2897	0.9914	-0.4527	0.4882	0.1715
150025	-0.9039	-1.7127	-0.1243	-0.9412	0.8387	-1.8353	-0.4962	0.7962	1.6246	-0.1235	1.6076	0.2518	0.822	-0.4781	0.546	0.1118
150143	-0.8455	-1.6294	-0.1649	-1.0084	0.7264	-1.888	-0.5245	0.847	1.594	-0.1499	1.6032	0.2809	0.9029	-0.5115	0.4893	0.2621
150208	-0.8904	-1.6983	-0.1629	-0.9357	0.7949	-1.821	-0.5012	0.7794	1.7079	-0.1976	1.535	0.3286	0.932	-0.4687	0.424	0.1584
150257	-0.7655	-1.7739	-0.0551	-1.0151	0.7624	-1.8555	-0.5201	0.7525	1.716	-0.1698	1.3648	0.3054	1.0154	-0.4774	0.4465	0.2541
150452	-0.798	-1.7608	-0.0709	-1.0138	0.7764	-1.8598	-0.5114	0.7584	1.6824	-0.1434	1.4111	0.2841	0.9908	-0.4732	0.4845	0.2278
150558	-0.7609	-1.7667	-0.0355	-1.0459	0.7648	-1.8721	-0.5247	0.7592	1.687	-0.1435	1.3623	0.2908	1.0052	-0.4769	0.4781	0.2631
150561	-0.9031	-1.6632	-0.1378	-0.9501	0.8167	-1.8376	-0.521	0.8234	1.6108	-0.1471	1.6697	0.2684	0.7817	-0.483	0.5467	0.1092
150635	-0.7822	-1.7651	-0.0645	-1.0021	0.7722	-1.8488	-0.5218	0.7636	1.7146	-0.1832	1.3888	0.3069	0.9981	-0.4774	0.4436	0.242
150913	-0.7686	-1.7052	-0.0342	-1.0785	0.7339	-1.909	-0.5397	0.7791	1.6153	-0.1126	1.4409	0.275	0.9902	-0.4902	0.5207	0.2667
150921	-0.8355	-1.6977	-0.1159	-0.9939	0.7651	-1.8561	-0.5278	0.781	1.6483	-0.1477	1.5541	0.2919	0.9182	-0.478	0.5032	0.1749
160086	-0.9815	-1.6166	-0.2021	-0.9436	0.8084	-1.8395	-0.4891	0.7971	1.6366	-0.1286	1.6666	0.3003	0.8392	-0.4395	0.4868	0.0889
160626	-0.8348	-1.721	-0.1116	-0.9906	0.7819	-1.8465	-0.5149	0.7907	1.6681	-0.1695	1.5103	0.2993	0.9239	-0.4773	0.4792	0.197
160642	-0.8752	-1.7088	-0.092	-0.9719	0.8162	-1.8564	-0.5139	0.8177	1.6379	-0.14	1.5641	0.2643	0.8355	-0.4735	0.5038	0.1757
160662	-0.9597	-1.6068	-0.1724	-0.9417	0.8072	-1.8403	-0.5106	0.8413	1.6165	-0.1716	1.7137	0.3021	0.7684	-0.4496	0.4898	0.0972
160725	-0.8726	-1.7211	-0.129	-0.9602	0.8127	-1.833	-0.499	0.8331	1.679	-0.1807	1.5485	0.2955	0.826	-0.4641	0.4566	0.1917
160730	-0.776	-1.7725	-0.0552	-0.9969	0.7822	-1.8421	-0.5283	0.7666	1.7145	-0.1882	1.4035	0.3045	0.9711	-0.4818	0.4554	0.228
160767	-0.8844	-1.673	-0.1573	-0.9948	0.7679	-1.8692	-0.4923	0.7938	1.6018	-0.1027	1.6057	0.2723	0.8908	-0.4763	0.5293	0.1714
160772	-0.8054	-1.75	-0.0739	-0.9941	0.7812	-1.8473	-0.5215	0.7739	1.6977	-0.1791	1.4435	0.3046	0.9574	-0.4756	0.459	0.2142
160774	-0.9062	-1.7042	-0.1334	-0.9497	0.8401	-1.8333	-0.498	0.8276	1.6313	-0.1454	1.6023	0.2604	0.8018	-0.4736	0.5199	0.1437
160777	-0.9169	-1.6497	-0.1309	-1.0347	0.7646	-1.8866	-0.4863	0.7596	1.6027	-0.0788	1.5609	0.2897	0.9551	-0.4398	0.5197	0.1545
160792	-0.9292	-1.5756	-0.2397	-0.9358	0.7563	-1.8422	-0.5288	0.8534	1.6241	-0.1575	1.7582	0.3062	0.7552	-0.4682	0.4714	0.1361
160939	-0.7939	-1.7477	-0.0672	-1.0134	0.7707	-1.8602	-0.5215	0.7626	1.6824	-0.1575	1.4318	0.2957	0.98	-0.4786	0.4798	0.2214
161152	-0.9309	-1.6081	-0.1655	-0.9565	0.7858	-1.8454	-0.5294	0.8195	1.6354	-0.1878	1.6626	0.3153	0.8472	-0.454	0.4893	0.1067
161264	-0.8285	-1.7295	-0.0808	-0.9856	0.7941	-1.8453	-0.5258	0.7943	1.6729	-0.1827	1.5021	0.2976	0.91	-0.4768	0.4777	0.1906
161286	-0.9305	-1.6846	-0.0872	-1.0221	0.844	-1.8891	-0.4821	0.8004	1.5951	-0.0361	1.5314	0.2231	0.8325	-0.4571	0.5793	0.1648
161385	-0.849	-1.7046	-0.1217	-0.9489	0.8008	-1.8286	-0.5338	0.8161	1.6817	-0.1934	1.5751	0.2991	0.8376	-0.4867	0.4718	0.1691
161424	-0.9054	-1.7166	-0.1166	-0.9352	0.8536	-1.8227	-0.5059	0.8254	1.667	-0.1779	1.5642	0.2718	0.8149	-0.4637	0.4903	0.1404
170012	-0.9094	-1.6754	-0.1113	-0.9593	0.8235	-1.8455	-0.5226	0.8122	1.6159	-0.1389	1.6312	0.2622	0.8142	-0.4625	0.5392	0.1102
170050	-0.851	-1.7168	-0.1071	-0.9863	0.8125	-1.8454	-0.514	0.8185	1.6362	-0.1451	1.5611	0.2703	0.8317	-0.4917	0.5298	0.1809
170077	-0.9099	-1.6623	-0.0937	-1.0231	0.7897	-1.8782	-0.5017	0.7577	1.6033	-0.0786	1.5978	0.2873	0.8786	-0.4428	0.5508	0.1081
170172	-0.7664	-1.7819	-0.0555	-1.0143	0.7663	-1.8523	-0.5123	0.754	1.7228	-0.1753	1.3457	0.3087	1.0225	-0.4754	0.4349	0.2632
170319	-0.8703	-1.6809	-0.0647	-0.9822	0.7975	-1.8549	-0.546	0.805	1.6336	-0.1725	1.5953	0.2923	0.8534	-0.4565	0.505	0.1301
170393	-0.8403	-1.7434	-0.0977	-0.97	0.8067	-1.8402	-0.5102	0.7884	1.6686	-0.1643	1.5039	0.2777	0.9072	-0.4804	0.4952	0.183
170412	-0.8156	-1.7102	-0.12	-1.0011	0.7575	-1.8603	-0.5194	0.7847	1.668	-0.1589	1.491	0.2958	0.9597	-0.4917	0.4763	0.2287
170483	-0.7783	-1.7808	-0.0446	-1.0118	0.7788	-1.8514	-0.5186	0.7536	1.7135	-0.1704	1.3615	0.2996	1.0096	-0.4671	0.4496	0.2414
170718	-0.8576	-1.7256	-0.0622	-1.03	0.7879	-1.8785	-0.4989	0.7668	1.6583	-0.121	1.4241	0.2868	0.9915	-0.4451	0.4614	0.2254
170739	-0.7993	-1.7158	-0.0555	-1.0052	0.769	-1.8612	-0.5493	0.7966	1.6668	-0.1817	1.5094	0.3013	0.9074	-0.4801	0.4799	0.2022
170857	-0.8704	-1.7507	-0.1302	-0.9588	0.8117	-1.8263	-0.4836	0.753	1.6567	-0.1382	1.5285	0.2803	0.9364	-0.4652	0.5064	0.1342
171209	-0.8156	-1.7269	-0.0893	-0.979	0.7923	-1.8359	-0.5396	0.7896	1.6742	-0.1679	1.5519	0.2982	0.8565	-0.4873	0.5007	0.1628
171236	-0.8617	-1.7206	-0.1308	-0.9757	0.7849	-1.8451	-0.4971	0.7881	1.6735	-0.1606	1.5137	0.2996	0.9277	-0.466	0.4604	0.1936
171322	-0.937	-1.6658	-0.1806	-0.897	0.8371	-1.8105	-0.5054	0.8146	1.6519	-0.1602	1.6876	0.2787	0.7627	-0.4722	0.5036	0.0765
171345	-0.9052	-1.6749	-0.1324	-0.9506	0.7942	-1.851	-0.505	0.8175	1.6556	-0.177	1.5912	0.3029	0.8647	-0.4596	0.4477	0.1657
171405	-0.8234	-1.6778	-0.054	-1.0283	0.7677	-1.8855	-0.5499	0.8472	1.5645	-0.1341	1.6167	0.2535	0.8188	-0.4872	0.5449	0.2102
171418	-0.7746	-1.7598	-0.0596	-1.0184	0.7574	-1.8585	-0.5228	0.7645	1.7088	-0.1727	1.3933	0.3128	0.9952	-0.4719	0.4399	0.251
171477	-0.9435	-1.6175	-0.191	-0.9126	0.809	-1.8181	-0.5235	0.8209	1.643	-0.1776	1.7279	0.3063	0.7629	-0.4618	0.4922	0.0677
171574	-0.7707	-1.7738	0.0279	-1.0592	0.8212	-1.871	-0.5508	0.7907	1.6026	-0.1192	1.4411	0.2392	0.9008	-0.4759	0.5719	0.2086
171608	-0.9079	-1.6995	-0.1464	-0.9321	0.8309	-1.8208	-0.5	0.8004	1.6376	-0.1627	1.6229	0.2757	0.8347	-0.4723	0.5215	0.1018
180099	-0.8844	-1.6413	-0.1614	-0.9456	0.7714	-1.8323	-0.534	0.8603	1.6862	-0.2336	1.6391	0.35	0.7967	-0.4601	0.3861	0.1872
180299	-0.714	-1.8055	-0.0156	-1.031	0.7593	-1.8524	-0.5323	0.7425	1.7478	-0.1824	1.2678	0.3081	1.052	-0.4817	0.4267	0.2958
180325	-0.8356	-1.7264	-0.1071	-0.952	0.8216	-1.8266	-0.5336	0.8167	1.647	-0.1669	1.5852	0.2589	0.8106	-0.5035	0.5449	0.151
180494	-0.8039	-1.7806	-0.0733	-0.9895	0.7901	-1.839	-0.5063	0.7643	1.7209	-0.1741	1.3913	0.3008	0.9795	-0.4618	0.4386	0.2274
180562	-0.8179	-1.7009	-0.0049	-1.0051	0.8168	-1.8657	-0.5771	0.8439	1.6367	-0.1755	1.5488	0.2663	0.7901	-0.4803	0.5235	0.1855
180594	-0.7506	-1.7859	-0.0383	-1.0244	0.7639	-1.8562	-0.5228	0.7421	1.7219	-0.167	1.3275	0.3033	1.0376	-0.4765	0.4478	0.2625
180643	-0.9806	-1.6554	-0.2192	-0.9004	0.8126	-1.813	-0.473	0.7551	1.6667	-0.1459	1.6326	0.3075	0.9158	-0.4441	0.4593	0.0661
180701	-0.7438	-1.7867	-0.0303	-1.0266	0.7648	-1.8558	-0.528	0.7527	1.7227	-0.1769	1.3284	0.3045	1.0236	-0.4776	0.4453	0.2687
180767	-0.8141	-1.7618	-0.0763	-0.98	0.7997	-1.8398	-0.5156	0.7797	1.6875	-0.1782	1.453	0.2883	0.942	-0.4804	0.4749	0.2053
180768	-0.8149	-1.7402	-0.0416	-0.995	0.8029	-1.8488	-0.5384	0.8024	1.6849	-0.1842	1.4811	0.3015	0.8835	-0.4735	0.4601	0.2046
180770	-0.8682	-1.7711	-0.0752	-0.9788	0.8757	-1.8306	-0.4854	0.7924	1.5941	-0.0754	1.5816	0.2199	0.7595	-0.4762	0.6226	0.0979
180839	-0.7952	-1.7799	-0.0512	-0.9837	0.8131	-1.8403	-0.5227	0.7769	1.6835	-0.1655	1.4403	0.2707	0.9231	-0.4909	0.5006	0.2057
181030	-0.8545	-1.7227	-0.1104	-0.9591	0.8032	-1.8302	-0.5184	0.8025	1.6782	-0.1878	1.549	0.3026	0.8701	-0.4701	0.4666	0.1653
181063	-0.7658	-1.7813	-0.0439	-1.0217	0.7667	-1.8593	-0.5176	0.7501	1.7124	-0.1606	1.3431	0.2979	1.0275	-0.4715	0.447	0.2618
181066	-0.8459	-1.7661	0.039	-0.9816	0.9444	-1.8436	-0.5377	0.7745	1.4934	-0.0318	1.5786	0.1193	0.7282	-0.5136	0.7946	0.0313
181132	-0.8149	-1.7494	-0.0768	-0.9951	0.7824	-1.85	-0.5136	0.7628	1.6895	-0.1716	1.4323	0.3	0.9882	-0.4743	0.4619	0.2129
181182	-0.7587	-1.698	0.0273	-1.1094	0.7777	-1.9347	-0.5557	0.8825	1.5309	-0.0788	1.5021	0.2119	0.7787	-0.5105	0.6092	0.3082
181207	-0.8396	-1.6973	-0.1316	-1.0074	0.78	-1.8574	-0.512	0.7972	1.6252	-0.1194	1.5743	0.2766	0.8659	-0.4987	0.54	0.1878
181230	-0.8951	-1.6647	-0.1846	-0.9627	0.7686	-1.8486	-0.494	0.7966	1.6541	-0.1422	1.6157	0.3116	0.8704	-0.4734	0.4694	0.1626
181374	-0.7899	-1.7562	-0.0705	-0.9983	0.7761	-1.849	-0.5249	0.7713	1.7021	-0.176	1.4298	0.3018	0.9625	-0.4806	0.461	0.2254
181423	-0.8509	-1.6987	-0.0851	-0.9707	0.8077	-1.8418	-0.5431	0.8072	1.6553	-0.1736	1.5795	0.2906	0.8372	-0.4827	0.5035	0.15
181693	2.2068	-0.1271	1.375	0.7442	-0.6888	0.0776	-0.898	-0.8784	0.9703	0.4556	-1.7972	0.7199	-1.2543	-0.171	-0.3	-0.3938
181758	-0.8253	-1.7256	-0.0752	-0.9995	0.7698	-1.8559	-0.5197	0.7654	1.6868	-0.1788	1.4625	0.3179	0.9798	-0.4639	0.4459	0.2005
182084	-0.8015	-1.6818	-0.077	-0.9959	0.7469	-1.8667	-0.5649	0.8121	1.6789	-0.1924	1.5408	0.3151	0.8889	-0.4836	0.4537	0.2124
182097	-0.7701	-1.7776	-0.047	-1.0071	0.7773	-1.8499	-0.5262	0.7644	1.7131	-0.1779	1.3767	0.2989	0.9906	-0.4778	0.45	0.2473
190069	-0.8946	-1.7929	-0.1524	-0.8171	0.9262	-1.747	-0.4884	0.8459	1.6716	-0.204	1.6365	0.2139	0.6889	-0.5096	0.5103	0.0968
190089	-0.9009	-1.6729	-0.1539	-1.0028	0.752	-1.8734	-0.4838	0.7647	1.6531	-0.1129	1.5226	0.3081	0.9823	-0.4414	0.4517	0.1908
190106	-0.8756	-1.7533	-0.1094	-0.9369	0.8535	-1.8136	-0.5006	0.8271	1.6695	-0.1535	1.5797	0.2667	0.7546	-0.4688	0.4986	0.1453
190197	-0.8787	-1.6835	-0.1243	-0.964	0.8011	-1.8447	-0.5209	0.7956	1.632	-0.1501	1.6043	0.2802	0.8624	-0.4861	0.5245	0.1363
190206	-0.8268	-1.7427	-0.079	-0.9844	0.8006	-1.8446	-0.5218	0.7893	1.6662	-0.1626	1.5036	0.2836	0.9002	-0.4782	0.4934	0.1873
190533	-0.8253	-1.7198	-0.0894	-0.9914	0.7816	-1.8535	-0.5276	0.7867	1.668	-0.1632	1.5102	0.2932	0.9162	-0.4816	0.486	0.1942
