	0	1	2	3	4	5	6	7	8	9	10	11	12	13	14	15
P001	-0.295	0.3438	-0.7983	-0.755	1.5012	0.2888	1.5106	-0.8891	-0.9754	0.8072	-1.7132	1.3587	-0.8989	-0.729	0.4937	0.8121
P002	-0.1885	1.0786	-1.1113	-0.4568	1.1767	0.3285	1.3294	-0.9617	-0.9374	0.3218	-1.5328	1.7216	-1.1611	-0.8359	0.7	0.5862
P003	-0.2066	-0.0916	-0.809	-0.5507	1.1113	0.9233	1.248	-0.1031	-1.0061	1.3297	-1.3763	1.0456	-0.7789	-1.1399	-0.1452	0.5929
P004	-0.2159	-1.3761	0.6008	-1.2129	0.9815	0.8254	0.9331	-1.2255	-0.1774	0.1143	-0.3842	0.1545	-0.051	-0.7766	1.3116	0.5306
P005	-0.3246	1.0497	-1.0255	-0.4494	1.2842	0.2411	1.3836	-0.9293	-1.1208	0.5028	-1.5882	1.6018	-1.0579	-0.7114	0.4744	0.7292
P006	-0.506	0.4172	-0.1107	0.9039	-0.2219	0.9984	-0.8378	0.9641	-0.6633	0.8681	0.4555	0.1873	-0.8395	-0.943	-0.7322	0.0449
P007	-0.2372	1.5385	-1.2632	-0.1211	0.8507	0.2917	1.1301	-0.8418	-1.0791	0.4577	-1.568	1.6339	-0.9947	-0.8137	0.426	0.6385
P008	-0.3466	0.8989	-0.7781	-0.44	1.3207	0.2339	1.1679	-0.9671	-0.9363	0.2938	-1.4854	1.2755	-0.819	-0.8168	0.6758	0.7752
P009	-0.8292	-1.0387	1.2025	1.0313	-0.4776	0.6364	-1.4954	0.6407	-0.0009	0.1926	1.9147	-1.5643	0.4091	0.3486	-0.8929	-0.1129
P010	-0.9669	-0.3373	0.2497	0.967	0.5827	0.3995	-1.1446	0.5856	-0.9218	1.0447	0.4528	-0.4371	-0.2568	-0.3622	-0.3524	0.4869
P011	-0.2166	1.1623	-1.1223	-0.3737	1.1652	0.2526	1.2085	-0.9159	-1.0212	0.4938	-1.5644	1.7516	-1.1156	-0.8436	0.5099	0.6854
P012	-0.4847	-0.6241	-0.0306	-0.6253	1.7089	0.5429	0.7998	-0.5055	-0.8946	1.1733	-0.8914	0.7877	-0.8908	-1.1313	0.179	0.9363
P013	-0.8752	-1.1101	0.562	0.3422	0.5813	0.4366	-0.7701	0.2617	-0.6556	1.8315	-0.03	-1.0578	0.7186	-0.2566	-0.9227	0.9374
P014	-0.8072	-0.5688	0.5747	0.245	0.9596	0.4858	-0.5313	-0.0902	-0.8932	1.2221	-0.0683	-0.501	0.0435	-0.4876	-0.4574	0.8788
P015	-1.0159	-1.6437	1.2	0.3288	0.4043	0.4835	-0.8601	0.3216	-0.2535	0.798	1.3108	-1.8518	0.7951	0.2642	-0.7441	0.4497
P016	-0.1968	0.6934	-0.972	-0.571	1.3927	0.3352	1.3749	-0.8903	-0.9714	0.6142	-1.6571	1.4704	-0.942	-0.8654	0.4606	0.7823
P017	-0.2704	0.784	-0.9424	-0.5807	1.3605	0.1359	1.3001	-1.0282	-0.8358	0.4648	-1.6956	1.3848	-0.7926	-0.8135	0.7723	0.8146
P018	-0.1976	1.514	-1.3403	0.0369	0.7673	0.1955	0.989	-0.7017	-1.0444	0.7607	-1.6284	1.5565	-0.9218	-0.8955	0.2882	0.6665
P019	-0.2871	1.1402	-1.1718	-0.3752	1.1928	0.1882	1.3261	-0.937	-1.0602	0.5112	-1.6504	1.6266	-0.9677	-0.7464	0.5527	0.7157
P020	-0.2328	0.9033	-0.8871	-0.5291	1.3547	0.3092	1.3939	-1.0005	-0.9593	0.3077	-1.5362	1.5498	-1.16	-0.8019	0.6146	0.7329
P021	-0.4121	1.0687	-1.1963	-0.1952	1.3202	0.0338	0.9906	-0.7356	-1.0656	0.8689	-1.6721	1.3632	-0.6543	-0.8773	0.3302	0.8864
P022	-0.2807	0.9914	-1.0377	-0.4451	1.298	0.2012	1.3025	-0.9813	-1.0655	0.5102	-1.5871	1.7158	-1.069	-0.7824	0.5586	0.7309
P023	-0.4865	1.1531	0.0428	0.2023	-1.2958	1.5024	1.1106	0.4739	-0.8648	-0.7485	0.3571	-0.1246	-0.3604	-0.0392	-0.1846	-0.7483
P024	-0.7305	-2.0682	1.3829	-0.2888	0.1507	1.0282	-0.4697	-0.0762	0.2045	0.115	1.6996	-1.3684	0.6089	-0.0475	-0.3483	0.202
P025	-0.2966	1.646	-1.48	0.4134	-0.0082	0.3805	0.4747	0.1583	-0.885	1.0756	-1.4327	0.9393	-0.3472	-0.8942	-0.0111	0.2834
P026	-0.2233	0.9759	-1.0048	-0.4849	1.3069	0.3104	1.3971	-0.9476	-1.0318	0.4416	-1.5845	1.6197	-1.152	-0.7858	0.5034	0.719
P027	-1.0269	-1.1626	1.2871	0.6639	0.4264	0.4285	-1.2103	0.3215	-0.277	0.5281	1.4946	-1.7589	0.5639	0.0715	-0.7431	0.3748
P028	-0.275	1.1468	-1.1	-0.3559	1.2075	0.2092	1.2889	-0.9235	-1.0776	0.5561	-1.6337	1.5944	-1.0053	-0.774	0.4322	0.7669
P029	-0.1288	0.4424	-0.7349	-0.4154	1.2234	0.2698	1.209	-0.9321	-1.0161	0.7106	-1.6336	1.5306	-1.0593	-0.7469	0.5492	0.7838
P030	-0.616	0.7608	0.3648	-0.5427	0.4983	0.8618	1.4919	-0.8166	-1.1194	-0.6801	-0.3069	0.8877	-1.0981	-0.4656	0.5336	0.2859
P031	-0.7311	0.6797	0.6762	1.173	-1.1821	0.8901	-0.6325	0.6794	-0.2645	-0.6653	1.4262	-0.6999	-0.4427	-0.0762	-0.0338	-0.8293
P032	-0.226	1.1538	-1.1745	-0.3188	1.1268	0.2627	1.356	-0.8848	-1.0414	0.5088	-1.6571	1.5693	-1.0352	-0.7708	0.498	0.6887
P033	-0.9487	-1.166	1.3987	0.7135	-0.2165	0.8428	-0.8355	0.4745	-0.1766	-0.0336	1.9107	-1.7588	0.3285	0.3312	-0.8509	-0.0372
P034	-0.3603	1.4754	0.2244	0.5623	-0.2229	0.9538	0.732	-0.1189	-0.9268	-1.0254	0.3735	0.2777	-1.2902	-0.5942	0.1766	-0.2306
P035	-0.337	1.3009	-1.1977	0.0594	1.1336	0.0954	0.9185	-0.7803	-1.0971	0.7117	-1.5656	1.4799	-0.9234	-0.9163	0.3466	0.8211
P036	-0.2441	0.8615	-1.0062	-0.5141	1.2816	0.3317	1.4131	-0.8892	-1.0815	0.5606	-1.6615	1.5858	-1.036	-0.6995	0.4195	0.7362
P037	-0.7339	-1.0368	1.0822	0.4772	0.0577	0.7438	-1.3642	0.3314	-0.0363	0.4891	1.3871	-1.2201	0.3161	-0.2664	-0.4666	0.215
P038	-1.0708	-0.9179	1.0713	1.0073	-0.7964	0.4737	-1.5271	0.5809	0.0824	0.3934	1.7132	-1.6007	0.8337	0.6118	-0.6794	-0.2134
P039	-0.2834	1.0345	-1.0693	-0.4287	1.2694	0.1902	1.3207	-0.9738	-1.0664	0.522	-1.6144	1.6819	-1.046	-0.7624	0.555	0.73
P040	-0.2134	0.6202	-0.7669	-0.696	1.1898	0.6436	1.6665	-0.789	-0.9825	0.0468	-1.2535	1.5028	-1.2752	-0.7875	0.7071	0.4449
P041	-0.867	0.6094	-0.3648	1.0347	-0.3686	0.5572	-0.713	0.9347	-0.921	1.2424	-0.2477	-0.219	0.0932	-0.3311	-0.7073	0.2493
P042	-1.0782	-1.0758	1.1466	0.7721	-0.4792	0.5126	-1.3087	0.5154	0.0731	0.4018	1.7049	-1.772	0.894	0.4672	-0.6969	-0.1081
P043	-0.3245	1.3551	-1.2576	-0.0873	1.1067	0.1452	1.1909	-0.8277	-1.2218	0.6112	-1.6131	1.557	-0.9194	-0.7909	0.3613	0.7681
P044	-0.2607	1.0253	-1.0739	-0.4135	1.2863	0.2328	1.3013	-0.9624	-1.0768	0.5169	-1.6029	1.6945	-1.0556	-0.7917	0.5055	0.7337
P045	-0.3056	1.0629	-0.9105	-0.4173	1.2508	0.3349	1.5076	-0.9968	-1.1023	0.189	-1.4868	1.4865	-1.1616	-0.714	0.5954	0.7265
P046	-0.2274	0.1168	-0.4858	-0.4875	1.4837	0.477	1.2459	-0.6744	-0.9744	0.4988	-1.2354	1.2378	-1.259	-0.9461	0.5235	0.7598
P047	-0.8869	-0.6825	-0.2402	0.0793	1.2714	0.0246	-0.1949	-0.0513	-0.9293	1.9378	-1.0304	-0.1037	0.2039	-0.4669	0.0003	1.09
P048	-1.289	-1.1244	0.7562	0.7867	-0.6029	0.5038	-0.9196	0.6656	-0.2199	0.4586	1.6193	-1.507	0.7469	0.4981	-0.1554	-0.2408
P049	-0.1305	1.2609	-0.8941	0.0144	0.9744	0.5215	1.0688	-0.6372	-1.1251	0.1816	-1.1786	1.381	-1.2822	-0.951	0.2347	0.6039
P050	-0.7082	0.1056	1.2783	0.0719	-0.3041	1.1656	0.5156	-0.1389	-0.6852	-1.2529	1.3243	-0.3936	-0.635	-0.0328	-0.0698	-0.2405
P051	-0.1609	0.9497	-1.0508	-0.4834	1.2114	0.2931	1.3838	-0.9678	-0.9112	0.3583	-1.6293	1.5959	-1.1009	-0.7855	0.6822	0.6724
P052	-0.5612	0.7216	-1.2733	0.7582	-0.5837	0.7302	0.0283	0.9098	-0.8415	1.2452	-0.8073	0.1954	0.228	-0.5952	-0.0759	-0.0886
P053	-0.306	1.2618	-0.7566	-0.2505	0.7467	0.4842	1.2454	-0.6116	-1.2014	0.1662	-1.2444	1.2062	-0.8672	-0.6739	0.2918	0.55
P054	-0.385	1.7107	-1.275	0.0218	0.7085	0.2401	1.2009	-0.8092	-1.1548	0.2152	-1.503	1.4512	-0.8685	-0.6632	0.6008	0.555
P055	-0.3165	-0.1624	-0.5749	-0.0373	0.6095	0.5365	0.8622	-0.1321	-1.1043	0.7981	-1.0243	0.6127	-0.4969	-0.6219	0.5308	0.545
P056	-0.24	1.2009	-1.0727	-0.4161	1.137	0.3618	1.3777	-0.97	-1.0508	0.2939	-1.5234	1.6604	-1.1538	-0.7705	0.6031	0.619
P057	-0.3189	1.1384	-1.1301	-0.2567	1.1516	0.1	1.0883	-0.8618	-1.0832	0.7748	-1.7569	1.5238	-0.7645	-0.7404	0.3107	0.8776
P058	-0.0689	1.0405	-0.961	-0.406	1.127	0.2399	1.3526	-1.0287	-0.7772	0.1843	-1.5898	1.4378	-1.163	-0.8683	0.8352	0.699
P059	-0.2289	1.353	-1.2927	0.0153	1.1042	0.0242	1.0455	-0.7769	-1.0749	0.7285	-1.637	1.4403	-0.9164	-0.9326	0.3637	0.8356
P060	-0.205	1.0417	-1.0978	-0.4926	1.1963	0.2844	1.3443	-1.0119	-0.9286	0.4023	-1.6139	1.6889	-1.0762	-0.8036	0.6882	0.6416
P061	-0.1497	-0.1342	0.0996	-0.7617	1.4851	0.4052	0.7515	-1.413	-0.616	0.2437	-1.3239	1.1536	-0.7482	-0.9084	1.0501	0.9093
P062	-1.0007	-1.487	1.0018	0.3822	0.4003	0.6692	-0.9656	0.5655	-0.3656	0.9711	1.1992	-1.4863	0.5726	-0.005	-0.8887	0.4232
P063	-0.4364	0.1583	-0.6893	-0.4952	1.582	0.138	1.0962	-0.7052	-1.0431	1.2933	-1.735	0.9517	-0.5681	-0.7613	0.2531	1.0144
P064	-0.2551	1.5262	-1.3237	-0.1274	0.8742	0.2398	1.26	-0.8016	-1.0744	0.5102	-1.6103	1.5287	-0.9732	-0.7925	0.4598	0.6099
P065	-0.7822	-1.4392	1.2431	0.3727	-0.0043	0.812	-1.0076	0.4071	0.2438	0.2181	1.8094	-1.8634	0.7615	0.0267	-0.7932	-0.0268
P066	-0.2654	1.0557	-1.0896	-0.4292	1.2635	0.2027	1.3083	-0.9766	-1.0513	0.4942	-1.5955	1.6996	-1.0456	-0.7983	0.5718	0.715
P067	-0.2812	1.1678	-1.1108	-0.351	1.1527	0.2439	1.2854	-0.9655	-1.0674	0.4235	-1.6142	1.6624	-1.02	-0.737	0.5465	0.7211
P068	-0.2579	1.1254	-0.5909	-0.4788	0.3975	1.1996	1.6852	-0.2179	-1.2849	-0.2787	-0.8169	0.8684	-0.8224	-0.6717	0.0066	0.17
P069	-0.6223	-0.8159	0.2843	-0.2735	0.0817	0.6339	-0.5073	-0.0089	-0.0419	0.9151	-0.087	-1.0603	1.1196	-0.3632	0.4398	0.2917
P070	-0.4019	1.6733	-0.6569	0.627	-0.3516	0.8535	0.7495	0.0933	-1.218	-0.1562	-0.3676	0.7781	-0.9428	-0.6402	0.1041	-0.1347
P071	-0.3138	0.9314	-0.9797	-0.4016	1.2929	0.1703	1.1877	-0.883	-1.0656	0.715	-1.6729	1.5907	-0.9699	-0.7322	0.3531	0.8344
P072	-0.3343	1.0433	-1.108	-0.2718	1.2846	0.1433	1.2759	-0.9242	-1.1168	0.5749	-1.6747	1.4991	-0.8852	-0.7519	0.4628	0.8399
P073	-0.4243	1.4094	-1.4531	0.424	0.3979	0.0828	0.4745	0.1655	-0.9651	1.3777	-1.5759	0.9986	-0.5856	-0.8476	-0.0179	0.5658
P074	-0.2926	0.5074	-0.6437	-0.689	1.3439	0.3549	1.3433	-0.8916	-0.9834	0.6142	-1.5874	1.3973	-0.9613	-0.7419	0.4811	0.8052
P075	-0.3541	0.8413	-1.0571	-0.4592	1.2474	0.102	1.2953	-0.9792	-1.0321	0.7174	-1.7731	1.6337	-0.8407	-0.6481	0.5651	0.8005
P076	-0.314	1.1817	-1.1125	-0.3795	1.096	0.3191	1.4806	-0.9304	-1.0726	0.1825	-1.5485	1.4807	-0.9548	-0.6703	0.6991	0.5982
P077	-0.7135	0.4	0.669	1.2747	-1.3365	0.9302	-0.8952	0.8494	-0.1579	-0.2836	1.4734	-0.9959	-0.0946	-0.0058	-0.4238	-0.7311
P078	-0.8248	-1.5	1.2382	0.2297	-0.2288	0.9227	-0.8858	0.3699	0.097	0.2705	1.8047	-1.4477	0.5401	0.0185	-0.5741	-0.0498
P079	-0.6342	0.9232	-0.3185	1.4053	-0.801	1.0364	-0.8283	1.0931	-0.7954	0.612	0.474	0.067	-0.6055	-0.7044	-0.6434	-0.3078
P080	-0.4692	0.0801	-0.4533	0.1392	1.2123	0.4962	0.7525	-0.5017	-1.1299	0.6986	-0.8697	0.9327	-1.0358	-0.9918	0.4936	0.6849
P081	0.0921	1.1432	-0.3279	-0.5576	0.5064	0.8667	1.4109	-0.9909	-0.4004	-0.9778	-0.8119	1.2208	-1.4652	-0.9404	1.2323	0.0369
P082	-0.3746	0.7876	-0.9321	-0.3097	1.5082	0.1441	1.0321	-0.8402	-1.1011	0.82	-1.6188	1.5102	-0.9297	-0.8295	0.2801	0.9102
P083	-1.0036	-1.3483	1.0516	-0.0407	-0.0613	0.8862	-0.2443	0.1855	-0.1411	0.4241	1.3825	-1.4741	0.7402	-0.1369	-0.2095	-0.0174
P084	-0.6259	-1.5127	0.7254	-0.092	1.4257	0.7862	-0.1331	0.0812	-0.8437	1.5324	0.3108	-0.6706	-0.2503	-0.8319	-0.7912	0.9072
P085	-0.3409	0.9643	-0.9226	0.2224	0.9125	0.0383	0.7596	-0.4503	-1.1532	1.0987	-1.6194	0.9649	-0.6981	-0.8211	0.0521	1.0299
P086	-0.6814	-1.2893	1.1947	0.6545	-0.4944	0.7057	-1.5934	0.3932	0.3147	0.1687	1.9926	-1.1708	0.2147	-0.0151	-0.3262	-0.0997
P087	-0.648	1.3208	0.084	-0.379	0.0882	0.623	1.6169	-0.8887	-1.0541	-0.8856	-0.4636	0.7859	-0.8964	-0.2827	0.9719	0.0428
P088	-0.2617	0.8486	-1.0835	-0.4076	1.0186	0.4597	1.5283	-0.5829	-1.1299	0.5836	-1.591	1.131	-0.7104	-0.8017	0.4093	0.6388
P089	-0.3636	1.3889	-0.8618	-0.1614	0.8868	0.424	1.4133	-0.8486	-1.2619	0.0248	-1.2853	1.3473	-1.0619	-0.6321	0.4707	0.5695
P090	-0.3495	0.9061	-1.2123	-0.1593	1.3137	0.0978	1.1997	-0.6851	-1.1613	0.8247	-1.7301	1.3746	-0.8027	-0.7332	0.3368	0.8343
P091	-0.2258	1.1313	-1.0585	-0.382	1.1226	0.3195	1.2896	-0.9707	-1.0313	0.42	-1.588	1.6643	-1.0702	-0.7852	0.517	0.7024
P092	-0.2212	-0.7369	0.1416	-0.9769	1.1104	0.8365	1.0935	-0.9568	-0.5974	0.2239	-0.7696	0.9419	-0.7269	-0.8895	1.0453	0.5231
P093	-0.2488	1.2579	-1.5434	0.0734	0.8478	0.1621	1.1812	-0.674	-0.9593	0.3841	-1.6861	1.2936	-0.5783	-0.8506	0.7793	0.6055
P094	-0.238	0.9769	-0.6403	-0.431	1.0225	0.3745	1.3979	-0.9861	-0.8813	-0.0197	-1.3645	1.1653	-0.9798	-0.8006	0.8668	0.5859
P095	-0.2952	1.0608	-1.099	-0.3845	1.2787	0.1687	1.2714	-0.9607	-1.0933	0.5379	-1.5937	1.6997	-1.015	-0.7907	0.5381	0.7361
P096	-1.1987	-0.7904	1.0303	0.9848	-0.4809	0.411	-1.6196	0.7737	0.0112	0.4023	1.7785	-1.5845	0.8203	0.5129	-0.8573	-0.2276
P097	-0.2864	1.3971	-1.3004	-0.1129	1.0675	0.2032	1.2099	-0.8255	-1.1108	0.4571	-1.568	1.5633	-0.9801	-0.8222	0.4938	0.6672
P098	-0.2709	1.295	-1.2648	-0.2026	1.1526	0.1744	1.2604	-0.8477	-1.1078	0.5625	-1.6238	1.5587	-0.9651	-0.8243	0.4397	0.719
P099	-0.2464	1.1782	-1.1919	-0.3368	1.112	0.1113	1.2599	-0.9351	-0.942	0.5469	-1.6999	1.5655	-0.9313	-0.792	0.5978	0.7597
P100	-0.9112	-0.4225	0.3547	0.6969	0.0595	0.8303	-0.3739	0.6533	-0.6578	0.41	0.8513	-0.9008	-0.0094	-0.3753	-0.1413	-0.0752
P101	-0.2475	0.4397	-0.7628	-0.6594	1.5363	0.2439	1.2488	-1.0489	-0.9194	0.6737	-1.6553	1.5625	-0.9163	-0.852	0.5597	0.8571
P102	-0.4091	-0.3113	-0.6009	-0.7162	1.5471	0.2342	0.9076	-0.7093	-0.8279	1.4749	-1.6435	1.0592	-0.471	-0.8347	0.4799	0.8724
P103	-0.2793	0.7426	-1.0354	-0.2844	1.4644	0.1539	1.1733	-0.9011	-1.0054	0.589	-1.6428	1.4868	-0.9472	-0.8649	0.555	0.8527
P104	-0.7219	-1.8076	0.6449	-0.1776	-0.039	1.2169	0.0551	0.4857	-0.1825	0.7951	1.015	-1.4538	0.7816	-0.2062	-0.4783	0.0651
P105	-0.2457	0.9838	-0.8584	-0.334	1.1837	0.5599	1.4797	-0.8159	-1.1951	0.1726	-1.3495	1.4219	-1.1742	-0.8018	0.397	0.629
P106	-0.2838	1.2031	-1.1976	-0.3143	1.1028	0.2567	1.3463	-0.885	-1.0846	0.4085	-1.6231	1.6185	-1.0101	-0.6887	0.5701	0.6365
P107	-0.2802	0.3607	-0.5661	-0.5693	0.6571	0.9513	1.4648	-0.6072	-1.1525	0.3848	-1.1609	0.9881	-0.4864	-0.7856	0.429	0.4091
P108	-0.3181	1.1152	-1.0754	-0.388	1.2362	0.2473	1.375	-0.9429	-1.1111	0.4009	-1.5827	1.616	-1.0655	-0.7001	0.5524	0.6993
P109	-0.2755	1.0615	-1.134	-0.3586	1.1984	0.1842	1.2554	-0.9632	-1.0595	0.5888	-1.6778	1.6752	-0.9525	-0.7541	0.5166	0.7522
P110	-0.2543	1.1605	-1.1456	-0.3165	1.159	0.3252	1.3835	-0.8884	-1.0996	0.3701	-1.5626	1.6086	-1.1032	-0.7546	0.5338	0.6401
P111	-0.3893	1.2137	-1.2558	-0.0397	1.0198	0.0725	1.1116	-0.7174	-1.2197	0.8811	-1.7846	1.3787	-0.6164	-0.696	0.2182	0.8723
P112	-1.2314	-1.0718	1.0094	0.8018	-0.3033	0.3836	-1.2212	0.6698	-0.0816	0.3863	1.7152	-1.7072	0.6909	0.4464	-0.4055	-0.1071
P113	-1.0008	-1.7385	1.1298	0.2471	0.2434	0.6438	-0.6876	0.1557	-0.194	0.6567	1.5301	-1.5805	0.5866	0.0138	-0.2366	0.2218
P114	-0.9931	-1.1674	1.1083	0.6905	-0.2743	0.5322	-1.1376	0.5504	0.2326	0.1637	1.693	-2.0612	1.0098	0.446	-0.7354	-0.0863
P115	-0.6005	0.1232	-0.3937	-0.2808	1.7785	0.2975	0.898	-0.6161	-1.2614	0.92	-1.3045	0.9712	-0.8868	-0.7904	0.122	1.0756
P116	-0.264	1.5277	-1.3357	0.3699	0.8306	0.237	0.9431	-0.4825	-1.2558	0.7006	-1.4805	1.372	-1.0186	-0.8998	0.1316	0.6653
P117	-0.137	0.8537	-1.0906	-0.5612	1.2525	0.2832	1.3761	-0.9731	-0.8507	0.429	-1.6836	1.619	-1.0308	-0.8004	0.7081	0.6635
P118	-0.5077	-0.0982	-0.5761	-0.5983	1.5532	0.0663	0.7423	-0.7849	-0.9543	1.4328	-1.8314	1.1134	-0.3378	-0.6202	0.328	1.1222
P119	-0.9351	-1.4617	1.2541	0.628	0.1375	0.2253	-1.4626	0.2326	-0.0027	0.8694	1.4087	-1.7838	0.9371	0.2805	-0.7865	0.4357
P120	-0.7273	1.5425	-0.8454	-0.0027	0.7211	0.1336	0.8654	-0.6579	-1.18	0.3858	-1.4835	0.814	-0.125	-0.558	0.3867	0.7654
P121	-0.5369	0.4305	-0.895	-0.1581	0.9452	0.202	1.0782	-0.6142	-1.1481	0.9568	-1.5718	1.1575	-0.4729	-0.6246	0.5744	0.7212
P122	-0.3072	1.2852	-1.2333	-0.1895	1.1022	0.1608	1.2279	-0.8709	-1.1476	0.5467	-1.6182	1.6324	-0.971	-0.7679	0.474	0.7313
