	0	1	2	3	4	5	6	7	8	9	10	11	12	13	14	15
P001	-2.0026	0.3093	0.9715	0.5502	-0.5503	0.6279	0.3306	-0.0224	2.5755	-1.0893	-0.5744	0.3658	0.608	-0.7322	-0.8765	-0.5095
P002	-2.0177	0.3139	0.939	0.5847	-0.5155	0.5527	0.314	-0.0372	2.5866	-1.0513	-0.6362	0.3849	0.6562	-0.7138	-0.8792	-0.4989
P003	-2.0336	0.272	0.8893	0.5687	-0.5073	0.5731	0.3103	-0.0316	2.6173	-1.0013	-0.6694	0.4002	0.6613	-0.7157	-0.8317	-0.5178
P004	-2.0263	0.3153	0.9064	0.6196	-0.5525	0.6059	0.2775	-0.0318	2.5973	-1.0179	-0.5905	0.3902	0.6123	-0.738	-0.8543	-0.5295
P005	-2.0254	0.3798	0.8252	0.6241	-0.4792	0.5517	0.3235	-0.1112	2.6215	-1.0632	-0.5929	0.2896	0.6902	-0.7287	-0.8694	-0.4529
P006	-1.9984	0.2951	0.9568	0.5629	-0.5359	0.589	0.3461	-0.0395	2.5918	-1.088	-0.568	0.3795	0.6098	-0.7285	-0.8849	-0.5059
P007	-2.0262	0.3744	0.8519	0.6508	-0.4754	0.4683	0.2937	-0.1348	2.5898	-1.0644	-0.6712	0.3881	0.7561	-0.685	-0.8326	-0.5012
P008	-2.0056	0.3414	0.9743	0.5635	-0.5522	0.6048	0.3127	-0.0569	2.5704	-1.0965	-0.5568	0.3704	0.6211	-0.7279	-0.8792	-0.5021
P009	-2.027	0.2691	0.9839	0.5367	-0.592	0.6783	0.2913	0.0108	2.5759	-1.0198	-0.5747	0.3791	0.5864	-0.7274	-0.8636	-0.5241
P010	-2.0015	0.3297	0.9003	0.5971	-0.5388	0.6257	0.3101	-0.0451	2.5958	-1.077	-0.5659	0.3533	0.6258	-0.753	-0.8701	-0.504
P011	-2.0008	0.3395	0.9333	0.5752	-0.5427	0.6112	0.3105	-0.0361	2.5929	-1.0738	-0.574	0.3566	0.6151	-0.7429	-0.8792	-0.5027
P012	-2.0121	0.3128	0.9475	0.5641	-0.5541	0.6392	0.306	-0.0238	2.5792	-1.0648	-0.5837	0.3674	0.6185	-0.7392	-0.8714	-0.5036
P013	-2.0442	0.3308	0.8128	0.6252	-0.4577	0.5988	0.336	-0.0624	2.6119	-1.0422	-0.6437	0.3183	0.6555	-0.7535	-0.8526	-0.4499
P014	-2.029	0.2751	0.8966	0.5888	-0.5393	0.5405	0.2788	-0.0459	2.622	-0.9817	-0.6499	0.4222	0.6771	-0.6917	-0.8349	-0.5443
P015	-2.0003	0.2734	0.9715	0.5032	-0.5729	0.7041	0.3196	0.016	2.5717	-1.0608	-0.6261	0.3726	0.6144	-0.7477	-0.8365	-0.5198
P016	-2.014	0.3336	0.9169	0.5726	-0.5356	0.6429	0.3294	-0.0429	2.5997	-1.0755	-0.5375	0.3134	0.595	-0.7439	-0.8838	-0.4883
P017	-2.0281	0.3319	0.8105	0.6261	-0.47	0.5403	0.3245	-0.0782	2.6325	-1.0313	-0.6351	0.3269	0.692	-0.7284	-0.8675	-0.4625
P018	-1.9978	0.3604	0.9223	0.5993	-0.5423	0.6219	0.3185	-0.0612	2.5848	-1.1034	-0.5353	0.3281	0.6149	-0.7519	-0.8797	-0.497
P019	-2.006	0.3071	0.9332	0.5461	-0.5268	0.6168	0.3433	-0.0222	2.6	-1.0721	-0.5886	0.331	0.6248	-0.733	-0.8866	-0.4847
P020	-2.032	0.2828	0.9323	0.5709	-0.5403	0.612	0.3019	-0.0033	2.592	-1.0166	-0.6289	0.3759	0.6317	-0.7205	-0.8638	-0.5108
P021	-2.0496	0.3711	1.0186	0.58	-0.6541	0.6303	0.2007	-0.0429	2.5493	-0.9862	-0.5541	0.3797	0.6195	-0.7061	-0.8314	-0.5423
P022	-2.008	0.2923	0.9569	0.5525	-0.5624	0.6611	0.3216	-0.0102	2.5853	-1.0686	-0.55	0.3633	0.5828	-0.7423	-0.8723	-0.5197
P023	-2.015	0.3225	0.9603	0.5831	-0.5709	0.6428	0.2934	-0.0207	2.5625	-1.0719	-0.5714	0.3728	0.6155	-0.74	-0.8649	-0.5161
P024	-2.001	0.3352	0.9581	0.5789	-0.5436	0.5852	0.3261	-0.0563	2.576	-1.1032	-0.5639	0.3624	0.6368	-0.7263	-0.8754	-0.5076
P025	-2.0462	0.2647	0.9324	0.5828	-0.5429	0.5776	0.2855	-0.0175	2.5908	-0.9884	-0.6621	0.4164	0.6568	-0.6968	-0.833	-0.5363
P026	-2.0218	0.3036	0.9203	0.5607	-0.5037	0.5906	0.3513	-0.0417	2.6023	-1.073	-0.5825	0.3515	0.6158	-0.7295	-0.8881	-0.4738
P027	-2.0457	0.3304	0.8521	0.6302	-0.5165	0.611	0.2907	-0.0441	2.6052	-1.0146	-0.6037	0.3311	0.6416	-0.7473	-0.8627	-0.4744
P028	-2.0003	0.344	0.972	0.5664	-0.5548	0.6131	0.3155	-0.0338	2.572	-1.0942	-0.5594	0.3553	0.6099	-0.7379	-0.8891	-0.4972
P029	-2.0345	0.3298	0.8468	0.5884	-0.47	0.4989	0.3229	-0.1096	2.6276	-1.0343	-0.6561	0.3568	0.7284	-0.6801	-0.8492	-0.4828
P030	-2.0877	0.3349	0.9096	0.6442	-0.5779	0.5853	0.2059	-0.0647	2.5819	-0.9335	-0.6203	0.3945	0.6525	-0.6915	-0.8197	-0.5291
P031	-2.0202	0.2908	0.9103	0.5768	-0.5563	0.6783	0.3001	-0.0088	2.595	-1.0358	-0.5681	0.3528	0.5965	-0.7485	-0.8719	-0.5078
P032	-2.0201	0.3438	0.8581	0.5903	-0.5052	0.5973	0.3321	-0.0774	2.6183	-1.0689	-0.5612	0.2921	0.6598	-0.7382	-0.8824	-0.456
P033	-2.0239	0.2863	0.9293	0.5362	-0.5533	0.6151	0.3005	-0.0379	2.6132	-1.0141	-0.6074	0.3692	0.6466	-0.7028	-0.8498	-0.5237
P034	-2.0218	0.3485	0.8601	0.6207	-0.5036	0.5998	0.3266	-0.0519	2.6045	-1.0676	-0.5758	0.3059	0.6361	-0.7558	-0.8874	-0.456
P035	-1.9866	0.3291	1.0083	0.5397	-0.5585	0.6233	0.3409	-0.0249	2.5612	-1.1222	-0.555	0.371	0.5863	-0.7359	-0.8868	-0.5093
P036	-2.0193	0.2861	0.9311	0.5526	-0.5235	0.6031	0.3278	-0.0207	2.594	-1.054	-0.6186	0.3746	0.6403	-0.7215	-0.8711	-0.4982
P037	-2.0315	0.328	0.8835	0.5952	-0.4788	0.5262	0.3326	-0.0757	2.603	-1.058	-0.6426	0.3556	0.6915	-0.7019	-0.8674	-0.4773
P038	-2.0492	0.3154	0.853	0.6219	-0.5024	0.5847	0.2894	-0.054	2.6035	-1.0101	-0.6449	0.367	0.6707	-0.7286	-0.844	-0.4886
P039	-2.025	0.2815	0.9544	0.5446	-0.5606	0.6503	0.3045	-0.0116	2.5806	-1.0377	-0.6128	0.387	0.6199	-0.7296	-0.8426	-0.5201
P040	-2.0043	0.3287	0.9877	0.5459	-0.5697	0.6415	0.3144	-0.0394	2.5648	-1.0938	-0.5565	0.3665	0.6064	-0.7338	-0.8714	-0.5057
P041	-2.0415	0.2887	0.8303	0.6066	-0.5057	0.6007	0.2964	-0.0505	2.6263	-0.9974	-0.6314	0.3642	0.6655	-0.7327	-0.8486	-0.4864
P042	-2.0228	0.3441	0.8927	0.6111	-0.5435	0.5943	0.2744	-0.0595	2.6007	-1.0354	-0.5833	0.3739	0.6394	-0.7376	-0.8641	-0.5012
P043	-1.9884	0.3304	1.0226	0.5131	-0.5617	0.6109	0.3515	-0.0246	2.5582	-1.1241	-0.5708	0.3341	0.6288	-0.7223	-0.8891	-0.4885
P044	-2.0322	0.2917	0.9318	0.5766	-0.5525	0.6659	0.3024	-0.0116	2.5718	-1.0507	-0.5927	0.3751	0.6111	-0.7413	-0.854	-0.5088
P045	-2.03	0.3224	0.8153	0.6179	-0.4768	0.5654	0.3108	-0.074	2.6276	-1.0334	-0.6277	0.3724	0.6662	-0.7406	-0.856	-0.476
P046	-1.9747	0.2668	1.0788	0.5068	-0.6001	0.6423	0.3436	0.0324	2.5422	-1.1084	-0.5498	0.3881	0.5711	-0.716	-0.905	-0.5374
P047	-1.9965	0.3534	0.9572	0.5642	-0.5416	0.6037	0.3241	-0.0446	2.5758	-1.1064	-0.5699	0.346	0.6287	-0.7371	-0.8838	-0.4922
P048	-2.0448	0.338	0.8513	0.6271	-0.4975	0.5782	0.3038	-0.079	2.6057	-1.0335	-0.6126	0.3342	0.6709	-0.7224	-0.8556	-0.4807
P049	-2.0219	0.266	0.9536	0.5416	-0.5502	0.6451	0.3136	0.0164	2.5928	-1.0141	-0.635	0.3765	0.6038	-0.7261	-0.8598	-0.5189
P050	-2.0272	0.3433	0.8343	0.615	-0.4762	0.5377	0.3228	-0.0935	2.6168	-1.0524	-0.6383	0.3316	0.7119	-0.7128	-0.8561	-0.4739
P051	-2.0209	0.3325	0.876	0.6008	-0.5085	0.5891	0.3267	-0.0603	2.6078	-1.0641	-0.5811	0.3211	0.6517	-0.7342	-0.8813	-0.4726
P052	-2.0249	0.3277	0.8635	0.5976	-0.519	0.6332	0.3155	-0.0485	2.6074	-1.0535	-0.5784	0.3151	0.6405	-0.7495	-0.8676	-0.4761
P053	-2.0107	0.3551	0.8792	0.6106	-0.4714	0.5286	0.3385	-0.0755	2.6006	-1.0915	-0.6079	0.3562	0.6591	-0.7349	-0.8997	-0.4543
P054	-2.0152	0.3084	0.9548	0.5848	-0.5513	0.5847	0.2926	-0.0322	2.5757	-1.0527	-0.6151	0.4063	0.6458	-0.707	-0.8622	-0.5349
P055	-2.0679	0.2537	0.8476	0.5887	-0.4947	0.5768	0.3094	-0.0381	2.6226	-0.9636	-0.6817	0.3561	0.6907	-0.7014	-0.8405	-0.4733
P056	-2.0261	0.3142	0.8188	0.6473	-0.5044	0.5453	0.2981	-0.0572	2.6381	-1.0072	-0.5957	0.35	0.6636	-0.7267	-0.8798	-0.494
P057	-2.0135	0.2713	1.011	0.5791	-0.5929	0.554	0.26	-0.0089	2.5708	-1.0089	-0.6184	0.4841	0.6195	-0.6751	-0.8446	-0.6042
P058	-2.0148	0.333	0.9781	0.5595	-0.5544	0.5977	0.2863	-0.022	2.5631	-1.0583	-0.6273	0.397	0.6415	-0.7263	-0.8688	-0.5024
P059	-1.9905	0.3642	1.0116	0.5577	-0.5669	0.5899	0.3029	-0.0452	2.5481	-1.1161	-0.5809	0.3863	0.6347	-0.721	-0.872	-0.5222
P060	-1.9632	0.3469	0.9449	0.5567	-0.5249	0.6112	0.3652	-0.042	2.5864	-1.1536	-0.5409	0.338	0.6033	-0.7587	-0.9011	-0.4877
P061	-2.0083	0.3195	0.9673	0.5572	-0.557	0.6334	0.3119	-0.0231	2.5722	-1.0766	-0.5855	0.3737	0.6113	-0.7363	-0.8658	-0.5119
P062	-1.985	0.3182	1.0076	0.5275	-0.5534	0.6006	0.345	-0.014	2.5742	-1.0977	-0.5866	0.3501	0.6144	-0.722	-0.9004	-0.4974
P063	-2.0127	0.3027	0.8704	0.6206	-0.5238	0.3477	0.2332	-0.1371	2.6402	-0.9412	-0.7243	0.5298	0.7779	-0.6211	-0.7842	-0.5927
P064	-2.0399	0.3564	0.8049	0.6706	-0.4808	0.5264	0.2876	-0.099	2.6181	-1.0224	-0.6235	0.3502	0.6955	-0.7241	-0.8594	-0.4768
P065	-2.0509	0.2427	0.9087	0.5662	-0.5475	0.6654	0.2909	0.0141	2.5959	-0.9728	-0.6497	0.3805	0.6223	-0.7311	-0.8349	-0.5153
P066	-2.0079	0.3706	0.9297	0.6175	-0.545	0.5788	0.2807	-0.0575	2.5782	-1.0684	-0.5887	0.3745	0.6382	-0.7365	-0.8676	-0.5144
P067	-1.9845	0.393	0.9372	0.5344	-0.5048	0.5405	0.3809	-0.128	2.5949	-1.1536	-0.5473	0.2547	0.7011	-0.6974	-0.9021	-0.4389
P068	-2.0444	0.3721	0.9913	0.6147	-0.6579	0.5135	0.171	-0.1109	2.5609	-0.9748	-0.5805	0.4176	0.7351	-0.6402	-0.799	-0.5853
P069	-2.0299	0.3016	0.9069	0.5788	-0.5329	0.619	0.3123	-0.0333	2.608	-1.0354	-0.5695	0.3548	0.608	-0.7236	-0.8789	-0.5028
P070	-1.9984	0.3672	0.9859	0.571	-0.5571	0.6019	0.3091	-0.044	2.5586	-1.1086	-0.5644	0.3627	0.6162	-0.7362	-0.8834	-0.4997
P071	-2.0223	0.3195	0.8858	0.6065	-0.5335	0.5975	0.284	-0.0464	2.6043	-1.028	-0.6066	0.3773	0.6483	-0.7345	-0.8571	-0.5114
P072	-2.0542	0.2726	0.9305	0.5516	-0.5242	0.5792	0.3096	-0.0472	2.59	-1.0145	-0.6576	0.3906	0.6813	-0.6843	-0.8307	-0.5097
P073	-1.9631	0.3205	1.0166	0.4843	-0.5873	0.6415	0.3461	-0.0288	2.583	-1.1246	-0.5284	0.3515	0.598	-0.7336	-0.8827	-0.5124
P074	-2.0172	0.3066	0.8974	0.5522	-0.5266	0.6018	0.3133	-0.0383	2.6192	-1.0282	-0.6239	0.3556	0.6507	-0.729	-0.8569	-0.4934
P075	-2.0202	0.2306	0.8998	0.5219	-0.5191	0.6437	0.3492	-0.0026	2.6257	-1.0197	-0.6187	0.3487	0.631	-0.7198	-0.8694	-0.4973
P076	-2.0354	0.2699	0.9626	0.5326	-0.5592	0.6278	0.2982	-0.0068	2.5832	-1.0162	-0.6335	0.3984	0.6345	-0.7162	-0.8405	-0.5165
P077	-2.0353	0.2914	0.9876	0.5571	-0.5752	0.6481	0.2906	-0.0072	2.5577	-1.0374	-0.6067	0.3898	0.6143	-0.7178	-0.8442	-0.5307
P078	-2.0287	0.3242	0.8305	0.6381	-0.4821	0.4365	0.2616	-0.1076	2.623	-0.9839	-0.7241	0.4507	0.7618	-0.6744	-0.8144	-0.5266
P079	-1.9937	0.2765	0.9909	0.521	-0.5558	0.6444	0.3525	0.0007	2.5756	-1.0979	-0.5625	0.3619	0.5957	-0.7336	-0.8892	-0.5051
P080	-2.0376	0.3142	0.8515	0.6429	-0.5398	0.6045	0.2545	-0.0416	2.6116	-0.9891	-0.6049	0.4023	0.6279	-0.7427	-0.8437	-0.5257
P081	-2.0256	0.2941	0.9255	0.5671	-0.5471	0.6411	0.3047	-0.0173	2.5923	-1.032	-0.6081	0.3593	0.6273	-0.7273	-0.855	-0.516
P082	-2.025	0.3017	0.9694	0.5777	-0.5523	0.6034	0.3025	-0.0173	2.5741	-1.0433	-0.6063	0.3918	0.6136	-0.7172	-0.8624	-0.5278
P083	-2.0349	0.3173	0.8554	0.6266	-0.5145	0.5879	0.2884	-0.0581	2.6091	-1.018	-0.6252	0.3778	0.6562	-0.7314	-0.8393	-0.5136
P084	-2.0221	0.316	0.8268	0.6002	-0.4861	0.5848	0.331	-0.0704	2.6299	-1.0475	-0.6021	0.3305	0.6669	-0.7442	-0.8694	-0.4609
P085	-2.023	0.2953	0.9487	0.5587	-0.5424	0.6098	0.3114	-0.0195	2.5831	-1.0472	-0.6186	0.3816	0.6356	-0.7244	-0.8583	-0.5082
P086	-2.0192	0.3489	0.8705	0.618	-0.4923	0.564	0.329	-0.0637	2.6049	-1.0719	-0.5929	0.3286	0.6516	-0.737	-0.8826	-0.4734
P087	-2.0247	0.3391	0.8404	0.5934	-0.4765	0.5603	0.3334	-0.0915	2.6156	-1.062	-0.637	0.3175	0.712	-0.7147	-0.8534	-0.4692
P088	-2.0169	0.3091	0.9965	0.561	-0.5685	0.6059	0.2796	0.0006	2.5583	-1.0397	-0.6395	0.4223	0.6225	-0.7156	-0.8548	-0.5387
P089	-2.0298	0.3433	0.8442	0.6411	-0.5056	0.5843	0.2898	-0.0615	2.6067	-1.0352	-0.6097	0.3605	0.651	-0.7467	-0.8578	-0.4915
P090	-2.0179	0.3265	0.9643	0.5433	-0.5487	0.5454	0.3022	-0.0694	2.5914	-1.0434	-0.6416	0.3852	0.6897	-0.6885	-0.8271	-0.5291
P091	-2.0156	0.3178	0.8674	0.5727	-0.5099	0.5936	0.3213	-0.0561	2.6227	-1.0456	-0.6094	0.3353	0.6666	-0.7254	-0.8684	-0.484
P092	-2.0247	0.2856	0.9686	0.5332	-0.5532	0.6383	0.329	-0.007	2.5784	-1.0549	-0.6004	0.351	0.6231	-0.7235	-0.8666	-0.4948
P093	-2.033	0.2954	0.8417	0.6165	-0.4848	0.563	0.3173	-0.0383	2.6208	-1.0109	-0.6606	0.3636	0.6668	-0.7327	-0.8617	-0.4791
P094	-1.9866	0.3744	0.8419	0.59	-0.4707	0.5495	0.3622	-0.1048	2.6232	-1.1166	-0.5894	0.2993	0.6847	-0.7443	-0.8832	-0.4477
P095	-2.0192	0.3138	0.8602	0.5826	-0.5164	0.5859	0.3082	-0.0558	2.6297	-1.0228	-0.6169	0.347	0.6661	-0.7313	-0.8541	-0.4935
P096	-2.0295	0.3124	0.9012	0.6165	-0.5642	0.5878	0.256	-0.0323	2.6055	-0.9889	-0.6074	0.3832	0.6489	-0.714	-0.8577	-0.5333
P097	-1.9968	0.3436	0.9788	0.5662	-0.5684	0.6031	0.2999	-0.0405	2.5755	-1.0827	-0.5639	0.3831	0.61	-0.7313	-0.8733	-0.5217
P098	-2.0209	0.3184	0.8834	0.5915	-0.4887	0.5679	0.3401	-0.0641	2.6079	-1.0673	-0.6105	0.355	0.6504	-0.728	-0.869	-0.4837
P099	-2.0022	0.3451	0.9056	0.5591	-0.5456	0.6358	0.3114	-0.0507	2.6102	-1.062	-0.5723	0.3235	0.6279	-0.7485	-0.8637	-0.4909
P100	-2.0213	0.3323	0.8965	0.5859	-0.4993	0.562	0.3261	-0.0557	2.6026	-1.0573	-0.6228	0.3364	0.6707	-0.7174	-0.8802	-0.476
P101	-1.9552	0.3313	0.9716	0.553	-0.4689	0.4434	0.3747	-0.0569	2.5861	-1.1271	-0.7056	0.4277	0.6948	-0.6696	-0.8781	-0.54
P102	-2.0075	0.2986	0.9473	0.5326	-0.5192	0.6091	0.3588	-0.0307	2.5941	-1.0903	-0.5832	0.341	0.6251	-0.72	-0.8874	-0.4868
P103	-2.0488	0.3594	0.6987	0.7129	-0.416	0.3959	0.289	-0.1537	2.6606	-0.9768	-0.6678	0.3626	0.7665	-0.6906	-0.8578	-0.4491
P104	-2.0239	0.3103	0.8505	0.6075	-0.5044	0.5934	0.3069	-0.0553	2.6152	-1.0327	-0.6288	0.3711	0.6588	-0.744	-0.8456	-0.4956
P105	-2.034	0.3966	0.8618	0.6216	-0.5029	0.5129	0.2953	-0.1275	2.612	-1.0445	-0.6008	0.3085	0.7115	-0.7044	-0.865	-0.4585
P106	-1.9775	0.394	0.994	0.5807	-0.5388	0.5728	0.3372	-0.0646	2.547	-1.1686	-0.5348	0.3507	0.6191	-0.7366	-0.9057	-0.4892
P107	-2.0244	0.2855	0.9547	0.5592	-0.5684	0.6776	0.299	-0.009	2.5784	-1.0372	-0.5847	0.3861	0.5838	-0.7355	-0.844	-0.5382
P108	-1.9801	0.3237	1.0326	0.5219	-0.586	0.6453	0.3286	-0.012	2.5499	-1.1215	-0.5588	0.3756	0.5941	-0.733	-0.8731	-0.5267
P109	-2.0032	0.3135	0.9986	0.5427	-0.5753	0.63	0.3074	-0.0081	2.5733	-1.068	-0.5662	0.3762	0.5921	-0.726	-0.8769	-0.5285
P110	-2.0331	0.2775	0.919	0.5623	-0.5326	0.6034	0.306	-0.0271	2.6038	-1.0208	-0.6137	0.3915	0.6332	-0.7163	-0.8581	-0.5118
P111	-2.0204	0.2958	0.9052	0.5856	-0.5093	0.5982	0.3253	-0.027	2.5918	-1.0559	-0.6319	0.3727	0.6479	-0.7309	-0.8617	-0.5028
P112	-2.0284	0.383	0.8803	0.6345	-0.5129	0.5055	0.2881	-0.1136	2.5969	-1.0494	-0.6206	0.3356	0.7238	-0.691	-0.8529	-0.4963
P113	-2.0284	0.342	0.905	0.605	-0.5346	0.5487	0.2812	-0.077	2.598	-1.0299	-0.6252	0.3763	0.6842	-0.707	-0.8465	-0.5088
P114	-2.0261	0.2767	0.9146	0.5662	-0.5423	0.636	0.3016	-0.0215	2.6002	-1.0223	-0.6134	0.3886	0.6249	-0.73	-0.8458	-0.5239
P115	-1.9948	0.3311	0.8815	0.5498	-0.502	0.606	0.3423	-0.0549	2.6096	-1.0873	-0.6272	0.3351	0.6713	-0.7451	-0.8639	-0.4693
P116	-2.0173	0.2879	0.8969	0.567	-0.4971	0.603	0.338	-0.0432	2.5889	-1.0685	-0.6689	0.3871	0.6735	-0.7269	-0.8326	-0.5055
P117	-2.0246	0.3433	0.8593	0.6199	-0.5068	0.5872	0.3061	-0.0592	2.6062	-1.0492	-0.6042	0.3421	0.653	-0.7457	-0.8663	-0.4782
P118	-2.0353	0.3448	0.8714	0.627	-0.5161	0.5993	0.2961	-0.066	2.5964	-1.0444	-0.5955	0.3485	0.6428	-0.7367	-0.859	-0.4904
P119	-1.9835	0.3713	0.9809	0.5494	-0.5514	0.6028	0.3274	-0.0596	2.563	-1.1344	-0.5665	0.3435	0.6436	-0.733	-0.8757	-0.4973
P120	-2.0289	0.2908	0.8783	0.6008	-0.5264	0.6219	0.2968	-0.0258	2.6048	-1.0183	-0.6226	0.3791	0.6356	-0.7418	-0.8474	-0.513
P121	-1.9968	0.281	0.9952	0.5311	-0.5396	0.6023	0.3568	-0.0002	2.5847	-1.0802	-0.583	0.3677	0.5894	-0.7141	-0.9067	-0.5056
P122	-2.0256	0.3061	0.868	0.5965	-0.4962	0.5947	0.3371	-0.0355	2.6128	-1.0483	-0.604	0.3275	0.6411	-0.7388	-0.8857	-0.4669
