Name	0	1	2	3	4	5	6	7	8	9	10	11	12	13	14	15
P001	-0.0052	-0.4334	1.0397	-0.7305	-0.2986	-0.147	-1.0639	0.3604	-1.1535	-0.3818	0.5285	-1.0744	0.0224	0.9035	1.6851	0.8178
P002	1.0206	-1.3118	0.5484	-1.8981	0.2999	0.3852	-1.3819	0.1433	-0.362	0.3718	0.9564	-0.6557	-0.3458	-0.1047	1.1376	1.285
P003	-0.7526	-2.3642	0.862	-0.8674	1.0908	0.9493	-0.5808	-1.1505	0.243	0.8905	1.0066	-0.8579	0.7417	0.4653	0.4484	-0.0809
P004	0.2421	-1.2455	1.2115	-0.8849	-0.7987	0.3991	-1.2134	-0.5937	-0.349	0.3917	1.7853	-0.2348	0.3447	0.0874	0.2864	0.6211
P005	0.1925	-0.4389	1.1801	-1.4668	-0.0757	0.1854	-1.5794	0.7995	-0.7998	-0.29	0.6104	-1.0282	0.1468	1.318	0.8315	0.4655
P006	-0.1493	-1.2647	0.1939	-0.5971	-0.3045	0.1989	0.0038	-0.1541	0.0867	0.2339	-0.1477	-0.9794	-0.0334	-0.1984	2.0712	1.1133
P007	0.2093	-1.3523	0.8151	-1.4281	0.1629	0.7055	-1.3114	-0.7087	0.2052	0.9419	2.0069	-0.952	0.2124	-0.1237	0.2782	0.4111
P008	0.1258	-0.8281	1.4073	-0.7578	-0.0763	0.5129	-1.817	-0.372	-0.246	0.6329	1.9618	-1.0741	0.4022	0.6923	-0.6826	0.1655
P009	0.7512	-0.8109	0.6916	-0.3588	0.4406	-0.3838	0.346	-0.7976	-1.3245	0.2957	-0.3166	-1.1519	0.8919	0.007	1.7449	0.0294
P010	0.2324	-1.8563	0.7306	-1.3198	-0.2161	0.9216	-0.9967	-0.7251	0.336	0.972	1.6523	-0.6315	0.3442	-0.7046	0.4945	0.8332
P011	0.3303	-1.0331	0.6505	-0.8934	1.707	0.034	-0.4089	-0.5175	-0.9617	0.2464	-0.1379	-1.4659	0.2774	0.3543	1.7136	0.1837
P012	0.2758	-1.7034	0.8494	-1.3782	0.4672	0.6583	-0.8204	-0.8115	-0.2257	0.5108	1.2268	-0.5391	0.3387	0.0451	0.8173	0.3481
P013	-0.1054	-1.6501	0.7755	-1.0474	-0.4723	0.8171	-1.1561	-0.8744	0.4758	0.8925	2.0034	-0.4778	0.2724	-0.1971	0.276	0.5256
P014	0.0108	-2.2005	-0.1054	-0.8021	0.5258	0.4891	0.4312	-0.5225	0.2944	0.2637	-0.71	-0.4941	0.1109	-0.5259	2.2082	1.0928
P015	0.0938	-0.5952	0.933	-2.2657	0.2533	0.5309	-1.4066	1.0242	-0.337	-0.2932	0.6301	-1.0666	0.0601	1.3999	0.9526	0.1372
P016	0.3684	-1.0448	0.3391	-0.5017	0.2056	-0.4017	0.7126	0.2503	-0.9818	-0.196	-1.652	-0.6241	0.4615	0.4437	2.2146	0.4488
P017	-0.3464	-2.3718	-0.3763	-1.3868	0.4097	0.801	0.1953	-0.1933	0.9373	0.4901	-0.2708	-0.6874	0.1487	-0.2288	1.8853	1.0609
P018	0.0928	-1.4364	0.334	-1.5559	-0.7149	0.638	-0.6165	1.86	0.017	-0.1675	-0.6394	-0.351	-0.3415	0.0859	1.0477	1.8079
P019	0.4518	-1.757	0.0641	-1.1594	-0.1548	0.3462	0.0968	-0.0837	0.1266	0.4218	-0.4549	-0.6325	0.2048	-0.7359	2.0204	1.3152
P020	-0.3715	-2.0431	-0.3114	-0.243	0.2869	0.3383	0.9674	-1.3223	0.7534	0.7915	-0.6059	-0.9417	0.6792	-0.3666	1.9251	0.5159
P021	1.2376	-1.2664	0.4464	-1.1699	-0.114	-0.1034	-0.5401	-0.6543	-0.5769	0.5125	0.6808	-0.4431	0.099	-0.4027	1.3163	1.0542
P022	0.3284	-0.982	0.607	-1.9103	-0.1563	0.4398	-0.8771	1.1818	-0.4288	-0.1916	-0.1443	-1.0704	0.1067	0.2356	1.9492	0.9788
P023	0.4148	-1.8918	0.5143	-1.8844	0.4599	0.8213	-1.1682	-0.1153	0.3219	0.7234	1.0239	-0.7811	0.0799	-0.064	0.7386	0.8769
P024	-0.4277	-2.2737	0.0885	-1.2917	0.5731	0.7353	-0.097	-1.0038	0.8004	0.7822	0.3749	-0.9006	0.6607	0.0388	1.6042	0.3909
P025	0.2199	-0.9558	1.0409	-1.1158	-0.665	0.363	-1.2746	-0.2391	-0.1567	0.3817	1.6461	-0.6499	0.195	0.1022	0.4702	0.6985
P026	0.0224	-1.7753	0.6338	-1.5098	0.8615	0.8603	-1.0683	-0.2755	0.0237	0.6136	1.0911	-0.9044	0.0349	-0.1649	0.7173	0.9212
P027	0.3014	-2.0208	0.6265	-1.2825	0.4171	0.9234	-0.9928	-0.8283	0.265	0.9861	1.3797	-0.7189	0.1327	-0.5765	0.5852	0.8768
P028	-0.6375	-0.7534	0.3474	-0.4656	0.3103	0.0928	1.4849	0.6951	-0.7607	-0.006	-1.86	-1.2082	0.7775	0.0584	1.7298	0.2416
P029	0.3922	-1.8276	0.2095	-0.8455	0.3247	0.3185	-0.1752	-0.6863	-0.1191	0.2256	0.0603	-0.5459	-0.0843	-0.6266	2.2393	1.2212
P030	-0.1124	-0.4791	1.1629	-0.8769	0.5009	0.1545	-0.8512	0.1625	-0.741	-0.2432	-0.1179	-1.5865	0.5126	1.6007	1.2394	-0.2918
P031	0.4755	-1.7875	0.6849	-1.5134	0.1491	0.6462	-0.9742	-0.7606	0.0702	0.6837	1.1693	-0.9507	0.3562	-0.4712	1.5131	0.7812
P032	0.0879	-0.6218	1.0455	-1.1656	-0.7529	0.2529	-1.6869	0.0433	-0.4914	0.0718	1.9379	-0.6776	-0.0066	0.5203	0.6856	0.8281
P033	-0.2684	-2.1357	0.0916	-1.2617	-1.2491	0.8948	0.1081	0.7331	0.6981	0.0509	-0.3391	0.155	0.1519	-0.4298	1.4609	1.3784
P034	0.4484	-1.2539	0.2777	-0.7651	0.3628	-0.1372	0.2123	-0.1331	-0.8018	-0.2665	-0.7683	-0.4338	-0.0155	-0.0477	2.5524	0.8381
P035	0.2856	-1.4549	0.4095	-1.2959	-0.3518	0.2272	-0.716	0.9475	-0.0627	-0.0024	-0.4459	-0.5412	-0.1303	0.3598	1.3852	1.4448
P036	0.1157	-1.5141	0.8576	-0.9522	0.1603	0.7121	-1.0691	-1.0926	0.2633	1.2141	1.9192	-1.0278	0.5038	-0.129	-0.0349	0.1324
P037	-0.8393	-1.8365	0.1017	-0.6185	-0.9518	0.7403	0.079	-1.0926	1.2318	0.9213	0.7683	-0.8309	1.0091	0.0616	1.1264	0.1594
P038	-0.3491	-1.6805	0.2683	-1.0385	1.4708	0.515	0.048	-0.0362	-0.0583	-0.0934	-0.9314	-1.5077	0.3432	0.588	2.1832	0.3377
P039	0.1173	-2.0744	0.0124	-1.305	-0.1224	0.7667	-0.1884	-0.3158	0.5119	0.4604	0.333	-0.4024	-0.0634	-0.8836	1.8282	1.4038
P040	0.0084	-0.7381	0.8938	-1.4196	0.6458	-0.018	-1.0541	0.7617	-0.7455	-0.2171	-0.3086	-1.2561	0.3972	2.0144	1.0784	-0.0061
P041	-0.8323	-1.6411	-0.0105	-0.9251	0.5784	0.4941	0.73	-0.5388	0.4317	-0.0246	-0.8774	-0.7689	0.5324	0.6055	2.2139	0.0733
P042	0.686	-0.4261	0.7647	-1.4416	0.3517	-0.0998	-0.5681	1.0248	-1.5476	-0.2172	-0.3996	-1.0027	0.0924	0.1417	1.7039	1.0197
P043	-0.7351	-2.1441	0.6714	-0.7602	-0.3302	1.082	-1.0405	-0.8746	0.736	0.7754	1.7207	-0.2953	0.306	0.2309	0.2272	0.4743
P044	-1.1824	-1.0402	1.2274	0.3541	-0.2209	0.3783	-0.5324	-0.9959	-0.2964	0.2672	1.0154	-1.0542	1.137	1.8573	-0.1145	-0.7969
P045	0.6891	-0.7973	0.7354	-0.6801	-0.5912	0.014	-1.3363	0.1629	-0.8898	0.238	0.9953	-0.807	-0.3181	-0.2205	0.9418	1.9593
P046	-0.5624	-1.5538	-0.0009	-0.2889	0.2446	0.3671	0.7973	-0.7103	0.0482	0.282	-0.617	-0.8506	0.3179	-1.0713	2.6699	1.0087
P047	0.7877	-1.8589	0.7901	-1.2494	-0.2815	0.4751	-1.3109	0.0305	-0.2792	0.2619	0.7513	-0.0086	-0.2422	-0.1801	0.7144	1.6664
P048	0.6188	-0.5365	0.5792	-1.2419	0.2984	-0.1268	-0.6361	0.2405	-0.9491	0.2915	0.4763	-1.1463	0.0733	0.482	0.8609	0.7963
P049	0.5558	-1.4125	1.1297	-0.6807	0.628	0.5545	-1.5395	-1.2004	-0.2637	0.9718	1.8924	-1.0651	0.1562	0.1315	-0.0264	0.2328
P050	-0.3847	-2.0551	-0.0845	-0.903	0.1562	0.6023	0.3934	-0.542	0.6909	0.449	-0.4839	-0.9346	0.5347	-0.3016	2.0752	0.8439
P051	0.6949	-1.1198	0.254	-1.3919	0.4951	0.1284	-0.6995	-0.1204	-0.4872	0.2987	0.4009	-1.1502	-0.1933	-0.2767	2.1384	1.1262
P052	-0.6501	-1.7212	0.3157	-1.2675	-0.0647	0.8824	-0.7813	-0.0779	0.8275	0.5595	0.7673	-1.0581	0.1781	0.011	1.2028	0.9437
P053	0.4455	-2.0024	0.7544	-1.1222	0.1079	0.6902	-0.7772	-0.8269	-0.029	0.6048	0.9677	-0.4584	0.3053	-0.3923	0.9237	0.8681
P054	-0.1205	-2.1428	0.1855	-0.8093	0.2624	0.74	0.2636	-1.1792	0.4281	1.0126	0.334	-0.848	0.7435	-0.7706	1.2782	0.6831
P055	-0.4187	-1.9461	0.0547	-0.0344	0.2874	0.1616	1.016	-0.4979	-0.125	0.0779	-1.2148	-0.5176	0.4451	-0.7145	2.5602	0.9259
P056	0.4469	-0.9339	1.2354	-0.9798	-1.137	0.4255	-1.7984	-0.1393	0.0663	0.7338	1.9119	-0.7194	0.3408	0.0433	-0.3335	0.888
P057	-0.0917	-1.9811	0.495	-0.7502	0.5626	0.4109	-0.3273	-1.032	0.005	0.4638	0.2957	-0.7756	0.3958	-0.025	1.7767	0.6387
P058	0.1317	-2.2301	0.3188	-1.0616	-0.3952	0.8333	-0.4032	-1.1018	0.8214	1.0284	0.9849	-0.5025	0.4946	-0.5236	0.9361	0.7182
P059	0.6007	-2.0461	0.2007	-1.7949	1.343	0.7369	-0.691	0.4036	-0.2487	0.1928	-0.2879	-0.5075	-0.4762	-0.0152	1.4419	1.2305
P060	-1.0251	-1.1401	0.9324	1.262	-0.8487	0.0367	0.6924	-1.7985	-0.4324	0.385	0.7006	-0.4203	0.8411	0.6013	0.6017	-0.3705
P061	0.2515	-1.3246	0.3977	-1.822	-0.3705	0.4212	-1.1886	-0.1475	0.5319	0.669	1.4067	-0.7896	0.0185	0.3307	0.9758	0.7079
P062	0.0883	-1.2277	1.0202	-0.9239	0.1882	0.5709	-1.7185	-0.9248	0.1732	0.9981	2.1897	-1.1192	0.3243	0.4323	0.0116	-0.0251
P063	0.9284	-0.9236	0.6271	-1.6469	0.1555	0.1553	-1.2709	-0.207	-0.3889	0.5662	1.4268	-0.9117	-0.1001	0.0787	0.7586	0.8375
P064	0.4899	-1.1042	0.9818	-0.8418	-0.7809	0.5001	-1.2873	-0.9323	0.0634	1.1877	2.1857	-0.8686	0.4721	-0.6171	0.0043	0.6121
P065	-0.5921	-1.2281	0.2561	0.2722	1.1341	-0.1757	1.3424	-0.6792	-0.6855	0.0421	-1.5109	-0.8646	0.3977	0.0422	2.1384	0.1693
P066	-0.0612	-0.7566	1.0069	-0.5787	1.4235	-0.1708	0.471	-0.8912	-1.313	0.0143	-0.5468	-1.1788	1.2492	0.632	1.8115	-1.0756
P067	0.7741	-0.9205	0.5654	-1.3992	-0.8984	-0.0046	-1.2709	0.7733	-0.417	0.0961	0.5803	-0.3835	-0.4382	-0.0262	1.2398	1.8111
P068	-0.7936	-1.1823	0.4856	0.7655	0.2585	-0.1127	0.9968	-1.6276	-0.1731	0.1754	-0.667	-1.1356	0.9731	0.7417	1.9342	-0.6172
P069	0.2752	-1.7422	0.7127	0.0163	0.2708	0.1984	-0.1568	-1.9259	-0.1346	1.2273	1.1004	-0.8763	0.7116	-0.2033	0.4986	0.0782
P070	-0.0967	-0.3281	1.2863	0.4984	-0.1658	0.09	-0.3103	-1.5819	-0.9194	0.811	1.889	-1.6295	0.9761	0.195	0.064	-0.7303
P071	-0.609	-1.0553	0.4819	-0.2739	0.5934	0.0389	0.3778	0.0117	-0.5472	-0.3548	-1.2131	-1.2487	0.4043	1.2287	2.0804	0.1242
P072	0.7788	-0.2846	1.2707	-1.8734	1.0507	0.2036	-1.6035	0.2488	-1.1004	-0.0144	0.7737	-1.2192	0.1369	1.1292	0.9233	-0.3616
P073	0.251	-1.2375	0.8288	-1.4211	-1.0727	0.5924	-1.561	0.2426	0.2226	0.3102	1.6728	-0.1384	-0.1605	-0.1494	0.3573	1.3284
P074	0.3859	-0.993	0.6445	-1.5146	1.8327	0.2254	-0.6505	0.7585	-0.9908	-0.1976	-0.8796	-1.3207	0.1336	1.1206	1.4773	0.0276
P075	0.4027	-1.7841	0.3934	-1.2298	-1.3271	0.4734	-0.7793	0.2289	0.6645	0.7661	0.6346	-0.1039	0.0788	-0.5822	0.5813	1.638
P076	-0.1531	-2.3286	0.1549	-0.9852	0.9458	0.6796	0.2611	-0.9204	0.3296	0.7591	-0.2755	-0.8629	0.6712	-0.1929	1.4021	0.57
P077	0.4114	-1.566	-0.0037	-1.6544	0.2394	0.6654	-0.386	0.3089	0.0055	0.634	0.357	-0.8579	-0.2896	-0.8764	1.3816	1.7339
P078	0.1304	-1.5136	0.5919	-1.218	-1.6193	0.6822	-0.9383	0.2251	0.6817	0.5616	1.0093	-0.3669	0.279	-0.5513	0.7888	1.307
P079	0.7959	-1.0645	0.6846	-0.9539	-0.2672	0.1204	-0.7936	-0.4633	-0.8408	0.1815	0.9589	-0.7296	0.0154	-0.7322	1.9014	1.2774
P080	-1.214	-1.3861	0.6445	0.8216	0.031	0.3655	0.5581	-2.1254	-0.1255	0.7797	0.6476	-0.9396	1.2468	-0.2292	1.3758	-0.4109
P081	0.514	-1.1227	0.8271	-1.2519	0.2435	0.4106	-1.5053	-0.5391	-0.2931	0.6145	1.7241	-1.1024	-0.0166	-0.1164	0.8745	0.8257
P082	0.0247	-2.3385	0.3892	-1.1645	-0.0852	0.8116	-0.4105	-0.5445	0.3832	0.6142	0.5299	-0.2617	0.2854	-0.5514	1.171	1.2074
P083	-0.3941	-1.7677	1.0477	0.0445	-0.064	0.6605	-0.5821	-1.9107	-0.0092	1.0273	1.7781	-0.5518	0.7582	-0.0329	0.3115	-0.2775
P084	-0.3177	-1.2978	0.8256	-0.9238	-1.4445	0.4748	-1.0232	0.1428	0.4778	0.4466	1.2915	-0.258	0.3119	0.103	0.1747	1.0607
P085	0.889	-0.7733	0.786	-1.5412	-0.6388	-0.0033	-1.4177	-0.0367	-0.2374	0.5343	1.5093	-0.6947	0.0365	0.2869	0.5523	0.8167
P086	0.2857	-1.9915	0.8182	-1.3667	-0.1061	0.845	-1.2927	-0.373	0.3234	0.7154	1.3048	-0.4286	0.1704	-0.2379	0.4168	0.9749
P087	-0.2767	-2.1674	0.1172	-1.071	0.595	0.834	0.0587	-1.1186	0.5788	0.8957	0.4272	-0.9297	0.5012	-0.5805	1.5123	0.6929
P088	0.0123	-0.4153	1.0333	-0.9962	0.0035	-0.0409	-0.4145	0.9849	-0.9938	-0.1987	-0.6847	-1.144	0.4315	1.488	0.5992	0.3699
P089	-0.0316	-2.2072	0.1112	-0.6981	-0.406	0.6271	0.1171	-0.7054	0.5443	0.3981	0.0324	-0.1069	0.0477	-0.7283	1.8226	1.2424
P090	-0.2047	-1.7864	0.0373	-0.5863	-0.1413	0.316	0.4668	0.6359	-0.1296	-0.1512	-1.199	-0.6024	-0.0639	-0.4206	2.4046	1.4923
P091	0.7919	-1.2226	0.5671	-1.3412	-0.6584	0.1406	-1.0085	1.2001	-0.6361	-0.1389	-0.3328	-0.2975	-0.4493	-0.007	1.4552	2.0107
P092	0.0645	-1.7002	0.0496	-1.5011	-0.1031	0.5971	-0.2342	-0.1957	0.4104	0.4515	0.2192	-0.9787	0.2329	-0.617	2.2739	1.1088
P093	-0.532	-1.5941	0.2359	0.6729	-1.2626	0.0386	0.9411	-1.434	0.6104	0.8104	-0.0644	-0.524	0.6879	-0.2285	1.2351	0.4352
P094	-0.7374	-0.7835	0.5961	-0.7036	0.3193	0.2941	0.2222	-0.5266	-0.2687	-0.0341	-0.3011	-1.5394	0.7178	0.6846	2.3284	-0.2205
P095	-0.0208	-1.545	0.8336	-1.0503	0.2752	0.6521	-0.648	-1.1335	0.1331	1.2353	1.6335	-1.0493	0.7407	-0.0032	0.01	-0.0091
P096	-0.6178	-1.0125	0.7178	-1.1819	1.4414	0.266	-0.3085	0.4644	-0.5217	-0.1471	-0.6973	-1.4758	0.7372	1.8255	1.1353	-0.5932
P097	0.6307	-1.5782	0.5601	-0.7243	0.3125	0.0519	0.4466	-0.944	-0.4769	0.3194	-0.5499	-0.5144	0.9319	0.5536	1.1259	-0.1251
P098	1.1195	-1.1319	1.1309	-1.4143	0.2654	0.1952	-1.6824	-0.2472	-0.898	0.3754	1.1081	-0.8877	0.101	0.2386	0.9076	0.8907
P099	0.0592	-0.8595	0.306	-0.3444	-0.4976	0.0848	0.3332	-1.1789	-0.0627	0.5141	0.4569	-1.2223	0.526	0.0964	1.7535	0.0886
P100	-0.0304	-0.2265	0.6627	-1.2294	0.3567	0.0475	-0.1534	1.6268	-0.9779	-0.5213	-1.4348	-1.3207	0.0702	1.2278	1.6243	0.3265
P101	0.0977	-1.9644	0.4564	-1.8396	0.7465	0.9147	-1.278	0.6105	0.3435	0.2258	0.2383	-0.7924	-0.1831	0.4575	0.9407	1.0907
P102	0.2489	-1.6519	0.304	-1.6313	0.1075	0.5619	-0.6467	0.8067	0.0146	0.1027	-0.2015	-0.4615	-0.1772	-0.0836	1.3201	1.4582
P103	0.6492	-1.4467	0.0559	-1.1334	1.1135	-0.0126	0.287	-0.0185	-0.7653	-0.0485	-1.1225	-0.502	0.0515	-0.025	2.2475	0.7413
P104	0.619	-0.3247	1.3437	-1.5739	0.6941	0.294	-1.961	0.8308	-0.9578	-0.1756	0.5441	-0.8901	-0.0482	1.773	-0.1928	0.0665
P105	0.1277	-1.3968	0.42	-0.8105	-1.2062	0.3059	-0.4697	0.6695	-0.0335	0.3162	0.202	-0.3175	-0.2801	-0.8837	1.3419	2.0961
P106	-0.1685	-0.9414	0.3002	-1.7275	-0.6187	0.4427	-0.9101	1.5729	0.0742	0.0142	0.247	-0.819	-0.3995	0.0929	1.1541	1.7728
P107	0.0857	-1.2695	0.7322	-0.0791	-0.1083	-0.1515	-0.2839	-0.6033	-0.457	0.1057	-0.2557	-1.1353	0.4859	0.7494	1.7458	0.4798
P108	0.4347	-1.2164	1.3289	-0.7102	-0.0049	0.2982	-1.6185	-0.3627	-0.576	0.4823	1.4305	-0.7359	0.2578	0.8931	-0.532	0.6777
P109	-0.2464	-1.0185	0.8527	-1.5595	0.1259	0.6049	-1.6039	0.6701	0.2557	0.1494	0.7867	-1.1167	0.0561	1.2098	0.2961	0.5884
P110	-0.6766	-1.7235	0.2436	-0.8909	0.6914	0.639	0.4925	0.1889	-0.0474	0.0258	-0.9903	-1.021	0.415	-0.2585	2.1166	0.8598
P111	0.5986	-1.4301	0.5347	-0.9189	-0.6219	0.172	-0.5104	-0.9602	0.1563	0.5569	0.6747	-0.9024	0.6435	0.0899	1.6458	0.3129
P112	-0.2882	-1.6787	0.4197	-1.8168	1.093	0.8414	-0.731	0.3969	0.2298	0.2491	-0.0128	-1.4603	0.3348	0.5426	1.3946	0.5503
P113	0.3269	-1.9906	0.3572	-1.6799	-0.017	0.7551	-0.662	-0.0172	0.204	0.3472	0.4748	-0.4323	0.0681	-0.5823	1.6408	1.2796
P114	0.8554	-0.9575	0.8211	-1.4103	-0.4084	-0.0194	-1.3965	1.1148	-0.7948	-0.2248	-0.0514	-0.261	-0.386	0.817	0.7138	1.6495
P115	-0.1523	-2.1405	0.1832	-0.9544	0.2637	0.883	-0.0187	-1.2021	0.6138	1.1537	0.7018	-0.8888	0.5701	-0.896	1.1997	0.7522
P116	0.2863	-1.6026	0.5482	-1.507	-0.9466	0.6511	-1.2008	0.0474	0.5263	0.5689	1.3499	-0.3521	0.0588	-0.3416	0.7359	1.2408
P117	1.023	-1.8428	0.6995	-1.4837	0.3629	0.6347	-1.1562	-0.3408	-0.3674	0.6128	0.8767	-0.5166	-0.0791	-0.4241	0.7606	1.3169
P118	0.6413	-1.6614	0.7001	-1.3824	-0.7505	0.5944	-1.3674	-0.4144	0.4373	0.8689	1.5976	-0.4195	0.1135	-0.3045	0.3849	1.0213
P119	0.0414	-0.2753	1.3597	0.1837	0.4739	1e-04	-0.2077	-1.0717	-1.3459	0.2988	0.7693	-1.979	0.9771	0.697	0.8348	-0.7118
P120	-0.4452	-2.2859	0.1614	-1.3759	0.1729	1.0973	-0.1867	-0.302	0.6932	0.5244	0.4022	-0.4499	0.1922	-0.5589	1.3484	1.0785
P121	0.6561	-1.3163	0.5056	-1.1141	0.6009	0.3883	-0.7966	-0.8212	-0.2358	1.0473	1.201	-1.3308	0.2477	-0.4504	0.7377	0.7682
P122	0.1898	-0.2878	1.253	-0.9455	1.104	-0.0251	-1.4182	0.3025	-1.038	0.1226	0.2989	-1.4555	0.2812	1.9734	-0.1001	-0.2113
